fips,100k index
01001,12.68469827
01003,5.287958166
01005,19.39894315
01007,35.5170393
01009,5.206453225
01011,0
01013,39.9920016
01015,10.42752868
01017,2.958142287
01019,27.08684817
01021,29.59805837
01023,0
01025,24.61376894
01027,7.474623653
01029,40.16225551
01031,7.793472966
01033,10.98599286
01035,71.910256
01037,36.92966745
01039,5.355813468
01041,0
01043,17.00829033
01045,12.16416761
01047,7.49617695
01049,8.426303549
01051,2.468849294
01053,8.047728395
01055,13.59566493
01057,18.08492682
01059,9.522298048
01061,3.776178356
01063,83.14921721
01065,13.43381829
01067,11.69043722
01069,7.66600739
01071,15.37314465
01073,5.909452639
01075,0
01077,4.319169337
01079,24.12399735
01081,3.141773141
01083,9.670805772
01085,29.31806188
01087,36.79910841
01089,5.03280269
01091,40.92950915
01093,16.6866907
01095,8.40871395
01097,8.930687726
01099,13.94790921
01101,9.244837639
01103,4.195841753
01105,31.68233182
01107,24.61671771
01109,17.9910045
01111,8.860142648
01113,13.74466535
01115,16.03930087
01117,6.156836409
01119,30.85181871
01121,18.58869659
01123,12.30175718
01125,10.19166147
01127,21.71444879
01129,12.0127335
01131,27.79012895
01133,12.55976354
02013,0
02016,0
02020,1.01382177
02050,0
02060,0
02068,149.7005988
02070,0
02090,1.004490071
02100,0
02110,3.093198057
02122,8.586049387
02130,0
02150,0
02164,0
02170,8.710295569
02180,0
02185,10.22390349
02188,0
02201,0
02220,0
02232,0
02240,14.52432825
02261,0
02280,0
02282,0
02290,0
04001,13.98738338
04003,9.512801853
04005,18.559259
04007,16.86928553
04009,5.284239228
04011,0
04012,96.73518742
04013,3.340817549
04015,8.740257041
04017,14.72951998
04019,3.828796635
04021,8.58574223
04023,10.7508848
04025,11.57665079
04027,4.336906302
05001,5.521140447
05003,19.48425185
05005,2.426136281
05007,4.2487611
05009,8.049887838
05011,9.154826424
05013,0
05015,10.77748798
05017,55.38222969
05019,26.74535745
05021,46.54688601
05023,3.962844371
05025,12.16989169
05027,16.74046421
05029,38.29950211
05031,12.28608044
05033,9.607778457
05035,34.70237609
05037,17.67138296
05039,0
05041,25.22958926
05043,21.62021923
05045,5.712634879
05047,28.15156804
05049,24.68851326
05051,5.090125767
05053,33.17226356
05055,20.16580775
05057,40.90760336
05059,32.81192206
05061,22.43997307
05063,5.36506591
05065,0
05067,17.44023812
05069,4.260855239
05071,11.42857143
05073,14.47932353
05075,42.0132762
05077,0
05079,7.323003017
05081,24.20096481
05083,9.196332503
05085,13.86197356
05087,6.233714421
05089,6.089540605
05091,29.80817294
05093,16.33803869
05095,69.09131108
05097,33.38898164
05099,23.72591819
05101,12.76291607
05103,12.4453442
05105,9.675109812
05107,21.00818269
05109,18.50036076
05111,12.48938402
05113,29.77549278
05115,9.438414346
05117,60.63840109
05119,6.358485297
05121,28.38167679
05123,49.39510001
05125,2.544468834
05127,9.562606384
05129,25.26273242
05131,3.140412556
05133,23.30812172
05135,17.63212338
05137,0
05139,25.16356316
05141,35.89761999
05143,1.751006829
05145,5.082230489
05147,30.11413256
05149,23.20250216
06001,2.007242618
06003,277.5721688
06005,13.21912014
06007,3.970309146
06009,19.88185758
06011,28.06361085
06013,2.205907137
06015,10.96186732
06017,2.143443528
06019,6.859029339
06021,17.9446873
06023,8.104480009
06025,14.44024073
06027,11.09434632
06029,12.479644
06031,15.999808
06033,7.797027773
06035,19.33251278
06037,2.380536118
06039,9.052196257
06041,2.689725556
06043,11.41409184
06045,12.59751623
06047,15.25698342
06049,11.17043855
06051,14.0368608
06053,4.626493895
06055,5.707974326
06057,3.030082661
06059,1.741491153
06061,2.633733064
06063,16.10911239
06065,4.578749963
06067,3.644495983
06069,6.736342907
06071,7.548585226
06073,1.788863856
06075,1.266111849
06077,8.191247052
06079,5.690135155
06081,1.436876575
06083,3.157858647
06085,1.926831842
06087,2.193853262
06089,8.940325562
06091,0
06093,20.72395689
06095,3.42386176
06097,3.995074872
06099,6.311903061
06101,14.63351409
06103,18.91092011
06105,7.770853084
06107,9.354207283
06109,3.709212571
06111,2.598870484
06113,8.840029889
06115,5.309758008
08001,5.436824701
08003,24.96691883
08005,2.354608424
08007,23.26735745
08009,112.2964627
08011,17.13678582
08013,4.378867087
08015,10.4297038
08017,54.14185165
08019,10.66120813
08021,12.29558588
08023,135.8843353
08025,17.65599068
08027,43.19094718
08029,9.8928277
08031,2.597213709
08033,0
08035,2.129479665
08037,3.68250882
08039,7.943695089
08041,3.199911566
08043,14.89919629
08045,5.130362511
08047,0
08049,26.54667569
08051,24.29749857
08053,0
08055,30.40252949
08057,0
08059,1.929872639
08061,145.9854015
08063,65.52221203
08065,0
08067,7.2534726
08069,8.278933839
08071,7.054872801
08073,54.10474679
08075,17.86799128
08077,2.670244795
08079,536.3368195
08081,22.9751256
08083,11.58408501
08085,2.42416015
08087,24.71437247
08089,5.466452382
08091,21.18105566
08093,34.53475924
08095,23.17819396
08097,0
08099,33.33277779
08101,7.899460528
08103,31.06458327
08105,35.23546097
08107,12.11758908
08109,30.92528451
08111,140.1345291
08113,0
08115,42.75696939
08117,16.49609702
08119,4.143669302
08121,82.77460475
08123,23.32116352
08125,39.85492806
09001,2.436185188
09003,2.682466993
09005,4.371489148
09007,3.057677584
09009,4.073849818
09011,4.83917198
09013,6.611246789
09015,8.579301919
10001,5.147769586
10003,4.327692907
10005,11.38478101
11001,1.315791013
12001,11.03814096
12003,10.79385182
12005,5.468144232
12007,29.64412231
12009,4.338560431
12011,3.511832622
12013,27.71733858
12015,7.914388924
12017,5.594280408
12019,4.824652818
12021,5.495785831
12023,24.571232
12027,27.49518834
12029,6.085760537
12031,6.060814647
12033,3.853324488
12035,7.465263197
12037,0
12039,13.0332783
12041,17.01162461
12043,52.46275145
12045,6.230995464
12047,28.06151083
12049,29.41522532
12051,17.49011808
12053,4.929113866
12055,9.8126375
12057,5.092000983
12059,10.29813089
12061,12.59168737
12063,35.11830738
12065,14.1608961
12067,22.92211067
12069,8.047406976
12071,5.843079915
12073,4.516900156
12075,17.51681614
12077,11.96458483
12079,32.46437035
12081,6.689217356
12083,10.91918253
12085,6.984605929
12086,2.758215569
12087,13.12263629
12089,21.08568976
12091,6.481553499
12093,22.15428242
12095,5.44474162
12097,9.144165138
12099,3.874348245
12101,5.680789763
12103,2.089980778
12105,11.97350622
12107,16.49665943
12109,8.074571644
12111,4.258159781
12113,4.694108425
12115,6.795783314
12117,2.635526457
12119,12.39597709
12121,27.32240437
12123,18.12185133
12125,13.06557613
12127,6.828872625
12129,15.69523618
12131,9.134477782
12133,16.30736114
13001,27.08940588
13003,36.36980821
13005,35.70089788
13007,0
13009,13.24070723
13011,48.63182467
13013,16.90239
13015,13.51116601
13017,23.27855114
13019,10.50707126
13021,14.3384313
13023,15.65533221
13025,5.374321492
13027,25.63543843
13029,19.51458855
13031,14.71997259
13033,22.15565678
13035,16.82708488
13037,15.55645437
13039,5.694804061
13043,18.4774575
13045,14.65876128
13047,3.017638095
13049,23.12637795
13051,6.27068455
13053,46.6504945
13055,8.056070249
13057,2.481455258
13059,2.407955886
13061,33.34889615
13063,4.669328902
13065,44.64950141
13067,3.759911395
13069,6.98603724
13071,21.95929625
13073,5.435395568
13075,11.639682
13077,8.535664139
13079,8.114248621
13081,17.50516402
13083,36.96584356
13085,16.72352666
13087,22.35902634
13089,4.579482303
13091,9.550095023
13093,57.52664203
13095,6.618119086
13097,8.471656661
13099,9.648598059
13101,25.08528999
13103,13.62866654
13105,15.62142009
13107,17.7779358
13109,9.329750709
13111,4.011231448
13113,5.392851236
13115,11.35856725
13117,3.181060511
13119,26.62974009
13121,4.991280917
13123,10.02024089
13125,0
13127,17.88964237
13129,10.56765944
13131,8.017960231
13133,29.46723244
13135,2.88250574
13137,0
13139,7.15719344
13141,35.13785753
13143,3.452371088
13145,14.87847264
13147,3.905517715
13149,17.12915382
13151,9.500740605
13153,5.934757235
13155,21.6155459
13157,24.3494882
13159,7.257736747
13161,26.66951141
13163,19.02466865
13165,0
13167,0
13169,24.50757284
13171,0
13173,0
13175,18.98365718
13177,0
13179,4.848093083
13181,12.81985539
13183,5.498735291
13185,17.45441344
13187,0
13189,46.51811881
13191,28.34708167
13193,22.25552308
13195,10.37530953
13197,0
13199,18.94477598
13201,34.29002503
13205,17.84582988
13207,18.52592889
13209,11.08622869
13211,27.42581318
13213,12.64299224
13215,5.592335044
13217,7.517511102
13219,21.56869089
13221,6.762331111
13223,3.851145523
13225,18.47459005
13227,16.21796951
13229,10.43917614
13231,27.64324731
13233,12.03050937
13235,8.85692523
13237,13.95647441
13239,0
13241,6.079175178
13243,14.12429379
13245,5.952221518
13247,3.371900381
13249,19.20417883
13251,35.72449271
13253,23.7428178
13255,10.8184631
13257,3.899182731
13259,16.27021574
13261,19.74242713
13263,15.65239169
13265,122.3840411
13267,7.877489287
13269,36.63719408
13271,12.38083447
13273,11.30326664
13275,6.712490603
13277,7.406822177
13279,3.699127746
13281,8.75135646
13283,44.2699879
13285,15.76148009
13287,50.25757005
13289,36.21876132
13291,8.795693628
13293,0
13295,1.453095529
13297,4.443032547
13299,19.69135212
13301,93.67155008
13303,9.770204783
13305,20.14747955
13307,0
13309,37.71876886
13311,6.912330907
13313,9.622027515
13315,0
13317,0
13319,22.03565369
13321,53.28063394
15001,7.074337135
15003,0
15007,2.802368562
15009,2.423044119
16001,2.468437658
16003,49.8132005
16005,3.53315275
16007,16.77852349
16009,22.0143093
16011,13.18101933
16013,4.533297067
16015,13.95089286
16017,23.40769177
16019,0
16021,0
16023,0
16025,0
16027,8.013160438
16029,14.5327714
16031,25.44097693
16033,0
16035,23.16423442
16037,48.40271055
16039,18.87789776
16041,7.535227187
16043,38.57727027
16045,5.869233478
16047,39.65893317
16049,36.73769287
16051,10.73383663
16053,46.94234626
16055,5.21209989
16057,10.20746676
16059,12.84356537
16061,26.08922515
16063,93.58038555
16065,10.3364515
16067,43.76367615
16069,9.974316136
16071,23.17497103
16073,0
16075,4.344048653
16077,65.09569067
16079,47.96929965
16081,9.022013713
16083,15.53333094
16085,9.625565502
16087,9.991008093
17001,4.518671149
17003,0
17005,11.96358285
17007,3.733349262
17009,14.9727496
17011,20.97830843
17013,0
17015,6.867188573
17017,15.77287066
17019,5.725928435
17021,12.03615661
17023,31.57203475
17025,7.496701451
17027,7.968042836
17029,13.5309104
17031,1.992656601
17033,0
17035,36.80868685
17037,1.917571281
17039,12.4629228
17041,10.14661864
17043,1.610893247
17045,22.81047913
17047,46.13964934
17049,32.20178222
17051,41.45020449
17053,14.94075989
17055,7.6689469
17057,2.823024589
17059,19.4009002
17061,15.1276776
17063,13.85798339
17065,0
17067,0
17069,24.97253022
17071,29.06131938
17073,18.20034945
17075,28.43635588
17077,1.709448464
17079,0
17081,23.60804352
17083,4.52873938
17085,32.09625207
17087,15.88814744
17089,3.018750592
17091,16.21019946
17093,4.818069689
17095,11.7745873
17097,3.12933395
17099,18.1266144
17101,0
17103,8.682515151
17105,24.78164616
17107,20.54006682
17109,0
17111,3.250550481
17113,9.243425614
17115,9.395952975
17117,4.374491465
17119,7.909723687
17121,10.52266055
17123,0
17125,0
17127,13.87405136
17129,0
17131,0
17133,5.891224432
17135,10.33242867
17137,2.90275762
17139,6.807073911
17141,13.64990718
17143,3.25315746
17145,9.356462509
17147,12.1845719
17149,6.348722637
17151,0
17153,35.69898615
17155,17.42220983
17157,9.211948511
17159,18.90645088
17161,4.14066673
17163,6.828807857
17165,12.39946104
17167,5.056537142
17169,0
17171,0
17173,4.580684171
17175,36.37289492
17177,4.400749888
17179,2.987187951
17181,29.20867848
17183,7.656225277
17185,0
17187,17.32161622
17189,35.31322834
17191,12.137248
17193,14.27164652
17195,1.773527617
17197,6.393506987
17199,17.83988701
17201,4.19516172
17203,5.152195866
18001,14.21577268
18003,4.868225256
18005,13.4434556
18007,23.06539038
18009,8.243207597
18011,18.66199702
18013,6.6512358
18015,14.98980693
18017,15.77320238
18019,6.052567413
18021,11.41752362
18023,12.38934764
18025,18.89109285
18027,15.15822152
18029,18.1924764
18031,18.84445784
18033,14.04560139
18035,3.463479342
18037,2.355424071
18039,11.78931318
18041,12.89634775
18043,6.507484909
18045,18.18269977
18047,4.382428216
18049,14.8481039
18051,26.731297
18053,7.466743126
18055,9.286718136
18057,2.531091293
18059,9.47461885
18061,10.08283045
18063,4.350382274
18065,10.32260196
18067,15.78765842
18069,13.74487316
18071,22.76887768
18073,14.95358408
18075,23.83153961
18077,6.207363174
18079,21.62489458
18081,5.280528053
18083,8.0345378
18085,16.49361063
18087,20.53525133
18089,6.984192718
18091,22.61972621
18093,10.96399861
18095,6.950408066
18097,4.227704145
18099,25.75461008
18101,9.795470574
18103,25.05191313
18105,2.749991406
18107,13.07203213
18109,8.605432323
18111,49.95504046
18113,8.433409796
18115,0
18117,10.21982851
18119,4.789455535
18121,11.76069341
18123,0
18125,8.065686955
18127,7.143214304
18129,19.53460751
18131,15.78307738
18133,21.41384941
18135,23.94368445
18137,10.56553803
18139,17.97052833
18141,5.938683097
18143,4.217273954
18145,18.03288296
18147,24.33848011
18149,8.716799888
18151,29.04275093
18153,19.23539312
18155,18.78428131
18157,5.282821111
18159,19.71971709
18161,0
18163,4.410439952
18165,25.68779059
18167,9.290589191
18169,9.490607462
18171,24.23772359
18173,8.081252142
18175,10.78430668
18177,9.003466335
18179,10.74721826
18181,41.29603475
18183,5.947707753
19001,42.08399966
19003,26.84707904
19005,0
19007,15.9982082
19009,0
19011,31.21196042
19013,7.528657836
19015,3.790635614
19017,4.034633292
19019,14.21167821
19021,9.874105159
19023,6.788036764
19025,20.45115242
19027,14.74389848
19029,75.74150938
19031,27.19401297
19033,20.93743893
19035,17.45810056
19037,16.54232353
19039,32.18815047
19041,12.26632648
19043,5.659757989
19045,6.355609037
19047,0
19049,2.382205875
19051,33.81577168
19053,49.70673029
19055,17.38122827
19057,7.573539064
19059,5.867511588
19061,3.098648576
19063,0
19065,5.017259372
19067,18.91908936
19069,9.770586626
19071,0
19073,33.34222459
19075,8.110168529
19077,18.74695362
19079,13.25767619
19081,9.187629775
19083,11.65623434
19085,14.15187795
19087,5.020735638
19089,0
19091,20.89864159
19093,28.88920988
19095,18.50047485
19097,5.154692316
19099,5.418409588
19101,49.86867914
19103,1.36151673
19105,24.35128185
19107,19.61630507
19109,39.83640516
19111,17.38767562
19113,0
19115,17.82404107
19117,0
19119,25.49719531
19121,12.60430059
19123,22.50427581
19125,9.043008549
19127,12.42699143
19129,40.09462331
19131,9.406629793
19133,22.76141485
19135,12.72782812
19137,0
19139,6.982915134
19141,0
19143,32.74930408
19145,13.03509046
19147,22.09993591
19149,19.98816701
19151,14.50747135
19153,1.477541995
19155,6.423721519
19157,21.7282663
19159,40.18162093
19161,50.67088248
19163,4.647925457
19165,0
19167,17.24970675
19169,5.171807443
19171,46.72023921
19173,0
19175,0
19177,0
19179,8.514986376
19181,16.21119951
19183,22.61174725
19185,15.58652078
19187,5.437974463
19189,0
19191,4.901288059
19193,4.881696956
19195,0
19197,15.61499664
20001,39.49384686
20003,63.79178362
20005,6.113366264
20007,42.71131423
20009,18.68153218
20011,6.820817134
20013,62.04372014
20015,13.53627722
20017,227.3933146
20019,29.72298181
20021,4.915309222
20023,37.43635819
20025,97.57049468
20027,12.28259802
20029,11.05338786
20031,24.1056793
20033,0
20035,5.626068953
20037,5.120589892
20039,69.58458006
20041,5.264377014
20043,25.86585965
20045,2.5183081
20047,34.31237991
20049,0
20051,13.86145476
20053,95.5535737
20055,21.69197397
20057,26.13149368
20059,11.73901815
20061,8.576280296
20063,112.7734757
20065,0
20067,13.16829076
20069,49.555651
20071,0
20073,65.12324574
20075,38.23506921
20077,35.25471532
20079,11.58205014
20081,74.16563659
20083,107.6658053
20085,45.04910352
20087,10.61447177
20089,34.27474637
20091,2.049130639
20093,50.93465084
20095,13.42966882
20097,158.9319771
20099,14.74215963
20101,125.2661907
20103,8.738574314
20105,0
20107,10.3755966
20109,35.71683692
20111,9.025162152
20113,17.45956365
20115,49.89522004
20117,0
20119,70.68136839
20121,9.051685122
20123,16.13111369
20125,30.32766004
20127,0
20129,35.15185602
20131,9.909820632
20133,43.28576022
20135,135.8880283
20137,18.24750921
20139,0
20141,27.81022304
20143,0
20145,29.80803625
20147,37.0892367
20149,4.251953773
20151,52.23350466
20153,0
20155,9.507932785
20157,0
20159,20.52376652
20161,2.648831203
20163,39.13741145
20165,0
20167,42.99226139
20169,10.91742785
20171,40.43671654
20173,4.492533214
20175,52.8076043
20177,2.805987303
20179,79.93605116
20181,33.51318744
20183,27.35379397
20185,0
20187,96.19084263
20189,70.49948888
20191,30.14123321
20193,76.70868598
20195,104.9391353
20197,14.51252431
20199,66.56017039
20201,36.138918
20203,0
20205,34.17946498
20207,0
20209,3.653541926
21001,10.39836122
21003,28.87419513
21005,0
21007,37.07365299
21009,6.874301113
21011,24.428376
21013,11.04972376
21015,6.95309289
21017,0
21019,8.31635411
21021,0
21023,0
21025,7.619395934
21027,0
21029,10.07049345
21031,0
21033,0
21035,7.746453415
21037,3.241883405
21039,20.72710691
21041,9.352787131
21043,10.98788403
21045,12.65022138
21047,9.725220832
21049,5.579983483
21051,4.853426519
21053,49.06771344
21055,0
21057,44.65215968
21059,11.01537747
21061,0
21063,0
21065,0
21067,5.968697636
21069,0
21071,2.707253816
21073,7.956082425
21075,16.15717702
21077,34.51926175
21079,11.5568191
21081,8.031289905
21083,10.72058406
21085,15.28164064
21087,0
21089,8.380871499
21091,11.47815707
21093,13.88480059
21095,18.45004834
21097,10.71111064
21099,32.21614888
21101,13.02643063
21103,31.65478557
21105,21.88471134
21107,8.767123288
21109,0
21111,5.741031465
21113,5.727048852
21115,13.1308268
21117,3.636526729
21119,12.91389018
21121,9.540770894
21123,21.2077083
21125,14.95657607
21127,25.34308197
21129,0
21131,9.548180117
21133,17.65521138
21135,22.17622708
21137,8.179290038
21139,21.59407459
21141,11.17551519
21143,36.09673926
21145,9.195655972
21147,0
21149,10.72662133
21151,6.694919226
21153,7.902139899
21155,10.41362936
21157,25.66537484
21159,8.39757478
21161,5.839620658
21163,3.535417816
21165,15.61134008
21167,4.656100423
21169,49.89522004
21171,0
21173,21.64049369
21175,7.521964135
21177,9.650460327
21179,11.01938089
21181,14.0658846
21183,20.78017073
21185,9.174199704
21187,9.304749144
21189,22.42655304
21191,20.61912355
21193,11.11786418
21195,9.916044159
21197,32.51556683
21199,6.237544404
21201,0
21203,17.80817039
21205,8.174943797
21207,5.63354891
21209,7.475266213
21211,12.89257903
21213,22.19879017
21215,10.88601256
21217,11.76978304
21219,0
21221,6.970875681
21223,0
21225,0
21227,11.08017456
21229,0
21231,14.56126897
21233,7.623926932
21235,16.64585934
21237,27.67859614
21239,7.666360012
22001,12.78343267
22003,11.70275015
22005,11.5464108
22007,4.403424103
22009,2.447525063
22011,19.02597861
22013,29.25730335
22015,4.759464592
22017,7.65169485
22019,10.48709039
22021,0
22023,0
22025,0
22027,18.59726992
22029,9.989111868
22031,11.02576353
22033,5.845647039
22035,13.86501026
22037,35.93576738
22039,2.970744112
22041,14.76261712
22043,17.91007352
22045,8.256979212
22047,21.24688885
22049,12.55634661
22051,2.757562039
22053,31.78983107
22055,4.99512559
22057,13.24341395
22059,33.48333869
22061,12.67491381
22063,7.256715001
22065,52.26754012
22067,3.851308675
22069,7.699810071
22071,5.133412251
22073,4.484023425
22075,0
22077,22.5909058
22079,6.845085077
22081,11.58963423
22083,19.53372987
22085,24.96214075
22087,6.563775834
22089,9.489790883
22091,28.91622007
22093,18.69857891
22095,11.51622636
22097,11.97851533
22099,14.89835597
22101,5.796720602
22103,7.536147728
22105,11.49363636
22107,21.43622722
22109,2.662922007
22111,22.27886004
22113,3.340593557
22115,7.885875608
22117,17.21903909
22119,20.1864216
22121,50.29752923
22123,0
22125,12.99511384
22127,20.69507871
23001,4.654704696
23003,4.392283636
23005,5.1559893
23007,16.6762277
23009,5.504667958
23011,3.291113828
23013,7.540947344
23015,11.73578063
23017,8.70785832
23019,1.973879001
23021,5.921714929
23023,8.499643015
23025,5.920663114
23027,7.61371077
23029,15.81888015
23031,3.941795448
24001,2.779105573
24003,2.996877958
24005,3.746030718
24009,3.292585755
24011,27.37742518
24013,5.971054715
24015,14.64551984
24017,3.171614809
24019,3.100736735
24021,9.670042049
24023,13.62332859
24025,6.37459342
24027,4.125690101
24029,10.20054267
24031,1.059408345
24033,4.742255125
24035,16.22303428
24037,5.377741528
24039,19.44027559
24041,10.74275401
24043,10.68742878
24045,5.877236288
24047,7.748274072
24510,2.438818974
25001,1.871297754
25003,5.502841825
25005,1.967760217
25007,0
25009,1.538066768
25011,7.062106994
25013,2.347980033
25015,2.483709967
25017,1.568873155
25019,0
25021,1.433630506
25023,2.342081267
25025,1.77091898
25027,3.650731144
26001,0
26003,0
26005,7.812757712
26007,6.989145856
26009,8.631553507
26011,0
26013,0
26015,3.328407291
26017,4.776087467
26019,11.3918571
26021,5.819652838
26023,9.183621929
26025,7.443754987
26027,11.6553739
26029,0
26031,7.846214202
26033,2.644802962
26035,0
26037,5.137360167
26039,0
26041,11.05436537
26043,0
26045,3.665359966
26047,6.057742401
26049,3.664933235
26051,3.954163339
26053,0
26055,6.540678661
26057,2.435057029
26059,13.09426122
26061,11.04136648
26063,3.168487491
26065,2.074463561
26067,4.672387746
26069,7.918346016
26071,8.92219843
26073,2.827542526
26075,5.037206063
26077,4.206150309
26079,22.92053451
26081,3.888044233
26083,0
26085,0
26087,3.403089097
26089,9.251121699
26091,9.142717825
26093,4.775528916
26095,15.68578241
26097,18.48736389
26099,1.382319989
26101,4.093595978
26103,4.484264715
26105,10.39068994
26107,2.314771949
26109,12.91856139
26111,3.596147806
26113,20.00026667
26115,12.70084039
26117,9.494181649
26119,0
26121,3.467518597
26123,6.233558988
26125,1.759664397
26127,7.578053956
26129,4.787071078
26131,33.49186148
26133,0
26135,0
26137,20.51029617
26139,3.524045266
26141,0
26143,0
26145,5.706483395
26147,5.017750292
26149,16.43488007
26151,9.66351636
26153,12.41249193
26155,4.380994661
26157,9.385335601
26159,10.62877155
26161,4.104144584
26163,3.689478504
26165,18.12677869
27001,6.318396644
27003,3.167806789
27005,2.96048931
27007,2.169564482
27009,12.56969898
27011,0
27013,10.55418519
27015,11.89711376
27017,8.443093549
27019,0.995994112
27021,3.445448218
27023,24.99291867
27025,1.826190494
27027,9.546691276
27029,11.34327004
27031,0
27033,35.20878811
27035,6.26695996
27037,2.870855979
27039,9.727910348
27041,2.688172043
27043,14.39739695
27045,14.36093825
27047,19.63672067
27049,6.496093682
27051,388.185654
27053,0.161958453
27055,5.356875013
27057,33.57732859
27059,0
27061,4.426698303
27063,0
27065,6.244068135
27067,14.05218043
27069,0
27071,7.912519188
27073,14.76145489
27075,9.476876422
27077,26.31301968
27079,3.56788617
27081,17.53709095
27083,11.62007019
27085,2.792656431
27087,36.39142618
27089,10.65144221
27091,15.02674761
27093,21.6587107
27095,15.55076937
27097,3.034882945
27099,5.040551235
27101,35.9522554
27103,5.921820131
27105,22.99083126
27107,60.96817461
27109,1.30582909
27111,8.629289188
27113,7.051688879
27115,24.03532506
27117,0
27119,0
27121,0
27123,0.369728549
27125,0
27127,32.60897921
27129,33.94617495
27131,7.5999392
27133,53.10900091
27135,19.39964563
27137,3.998492568
27139,3.489061791
27141,1.073041967
27143,13.41777587
27145,6.368153121
27147,8.185494213
27149,0
27151,21.27025992
27153,12.27948099
27155,0
27157,13.95115237
27159,22.00187749
27161,15.95557967
27163,2.765154627
27165,9.100340353
27167,0
27169,3.933910307
27171,6.027609465
27173,30.40006485
28001,0
28003,8.075326647
28005,56.12032197
28007,10.77226358
28009,72.82437189
28011,9.234747276
28013,0
28015,19.74801532
28017,28.97979529
28019,0
28021,10.95866392
28023,25.13067953
28025,5.048975058
28027,21.00963922
28029,48.80871863
28031,62.8884673
28033,6.245110362
28035,19.89147213
28037,64.55777921
28039,21.11397323
28041,14.49695564
28043,18.81821603
28045,10.72248075
28047,2.468482417
28049,7.453811216
28051,11.08807256
28053,35.14938489
28055,0
28057,25.57195949
28059,11.27246391
28061,42.333418
28063,13.61878303
28065,8.713533861
28067,16.07914447
28069,0
28071,9.39976839
28073,4.891474486
28075,10.34829783
28077,7.911016882
28079,8.74454559
28081,9.418701302
28083,10.0918357
28085,14.5196887
28087,16.83745458
28089,8.697702647
28091,23.79970171
28093,39.1334731
28095,2.790661331
28097,29.45218928
28099,20.40816327
28101,9.30345065
28103,18.46756173
28105,2.024029276
28107,11.68176535
28109,19.95066744
28111,33.27122704
28113,15.12706737
28115,15.95405233
28117,11.85274154
28119,0
28121,9.252637993
28123,35.19119376
28125,0
28127,14.78251229
28129,24.89419965
28131,10.97297357
28133,15.02313563
28135,0
28137,10.56732442
28139,13.63078741
28141,20.56534123
28143,19.68310206
28145,17.62089697
28147,13.70989855
28149,14.88380005
28151,12.74518551
28153,29.37173851
28155,0
28157,55.63963322
28159,16.34182745
28161,40.29983074
28163,21.28640863
29001,7.872590003
29003,22.96659509
29005,113.8131189
29007,7.773088015
29009,2.821941157
29011,0
29013,30.55300947
29015,10.52953007
29017,8.142659393
29019,9.652608305
29021,5.623828838
29023,9.361016981
29025,22.1371173
29027,11.14394861
29029,11.08244452
29031,7.663050558
29033,11.3163136
29035,32.21857078
29037,8.771331391
29039,21.53687112
29041,0
29043,3.558575336
29045,29.42388042
29047,5.01823711
29049,4.883957177
29051,1.303716374
29053,17.01587013
29055,4.115768332
29057,26.367136
29059,12.11519124
29061,24.08419836
29063,39.92207212
29065,12.85528802
29067,7.477753683
29069,13.1312866
29071,16.54015073
29073,27.15362161
29075,15.02990952
29077,6.592932238
29079,19.88466892
29081,46.80223715
29083,9.182652134
29085,0
29087,22.43661656
29089,0
29091,9.973868465
29093,0
29095,5.200684294
29097,10.90582069
29099,4.925323146
29101,16.76858238
29103,50.58680696
29105,19.72242101
29107,9.208216184
29109,41.97976575
29111,0
29113,10.80921377
29115,32.80517009
29117,0
29119,21.95042716
29121,13.10169536
29123,8.196586941
29125,0
29127,6.979487287
29129,27.34332276
29131,15.97188947
29133,21.7814306
29135,31.28676195
29137,11.56363468
29139,43.40051733
29141,14.88036189
29143,50.58965048
29145,10.31665245
29147,8.874295603
29149,9.340556697
29151,14.68450344
29153,0
29155,29.38652687
29157,26.05849611
29159,18.90046542
29161,35.79402329
29163,10.81408426
29165,10.12453174
29167,3.170376007
29169,5.701926111
29171,41.57312713
29173,29.33411558
29175,4.009880345
29177,4.374759388
29179,15.83230423
29181,14.60280374
29183,3.334576532
29185,10.6643916
29186,22.40043009
29187,0
29189,3.005457912
29195,21.64146158
29197,0
29199,40.90146836
29201,7.741855568
29203,12.13238862
29205,0
29207,3.386455532
29209,3.173273422
29211,31.62955466
29213,14.62774224
29215,15.59089492
29217,19.3436693
29219,11.77877112
29221,20.05599634
29223,7.509424328
29225,10.48635725
29227,0
29229,5.49897719
29510,6.098758806
30001,21.29607939
30003,37.33516525
30005,14.86988848
30007,51.47386843
30009,9.48820616
30011,0
30013,4.892164465
30015,51.85825411
30017,0
30019,57.28032993
30021,0
30023,10.98828649
30025,0
30027,17.73584236
30029,7.139127313
30031,7.642528378
30033,78.17385866
30035,21.86238358
30037,0
30039,61.26700159
30041,6.082799061
30043,16.98715771
30045,0
30047,6.719436642
30049,2.982457187
30051,0
30053,0
30055,0
30057,36.82156271
30059,54.16531253
30061,47.49916876
30063,2.587339973
30065,0
30067,6.167433484
30069,0
30071,0
30073,0
30075,57.0711106
30077,0
30079,0
30081,0
30083,8.814766497
30085,8.903768075
30087,54.1770506
30089,17.35900151
30091,28.09146581
30093,2.878708496
30095,0
30097,0
30099,16.49511745
30101,0
30103,0
30105,0
30107,0
30109,0
30111,5.703299168
31001,6.330676559
31003,31.41887646
31005,0
31007,0
31009,208.6811352
31011,18.82459245
31013,9.030650026
31015,0
31017,33.55029189
31019,12.26572466
31021,15.31956615
31023,12.40387001
31025,23.32887493
31027,23.45655845
31029,50.70222583
31031,34.54231434
31033,10.15785304
31035,32.12541763
31037,28.02376415
31039,11.12817431
31041,18.47711609
31043,9.86310017
31045,11.24100719
31047,25.19780275
31049,106.621175
31051,17.41128948
31053,21.81358114
31055,4.504885999
31057,0
31059,17.93721973
31061,0
31063,37.81862189
31065,0
31067,4.629072426
31069,0
31071,0
31073,49.61301846
31075,154.17823
31077,0
31079,8.168039442
31081,21.80787264
31083,58.27166249
31085,0
31087,35.22863383
31089,19.5407914
31091,0
31093,15.62744179
31095,13.89815433
31097,19.26114257
31099,0
31101,61.75736765
31103,0
31105,54.77351153
31107,0
31109,3.227216016
31111,31.06484645
31113,129.1989664
31115,164.5278052
31117,0
31119,8.55275912
31121,38.43886938
31123,103.3912324
31125,0
31127,14.27674033
31129,0
31131,18.86531423
31133,0
31135,0
31137,21.91636714
31139,83.85509839
31141,6.055394751
31143,0
31145,9.256516588
31147,12.48501798
31149,0
31151,7.000644059
31153,2.80640624
31155,14.27117128
31157,13.79789941
31159,46.73716189
31161,19.11461121
31163,32.89473684
31165,0
31167,33.37783712
31169,39.22337713
31171,0
31173,14.02799989
31175,0
31177,4.950249988
31179,21.42336861
31181,0
31183,0
31185,50.75111652
32001,29.11571417
32003,2.94490641
32005,8.36365157
32007,19.13985492
32009,361.4457831
32011,101.061142
32013,29.57704821
32015,34.90401396
32017,38.58769053
32019,7.526578229
32021,44.91354143
32023,9.165272781
32027,15.12859304
32029,25.4841998
32031,2.222750743
32033,30.7062436
32510,0
33001,6.591545025
33003,14.63118952
33005,2.627754873
33007,12.50625313
33009,5.568834131
33011,2.675843024
33013,5.359394281
33015,2.625731512
33017,3.117551973
33019,6.959846327
34001,3.359625514
34003,3.230565457
34005,6.274293279
34007,3.352352346
34009,4.270793962
34011,5.22185031
34013,2.01675266
34015,6.52979304
34017,2.995736767
34019,5.594799075
34021,4.073678173
34023,3.26979595
34025,1.765643845
34027,4.048750191
34029,2.703308207
34031,0.79336493
34033,12.62279614
34035,3.637280672
34037,3.513604677
34039,3.439735828
34041,7.532602043
35001,3.248551072
35003,0
35005,12.23563384
35006,51.87682958
35007,16.23271216
35009,3.987018269
35011,109.2537966
35013,4.181837444
35015,43.5716178
35017,10.6974754
35019,273.9100662
35021,145.6452083
35023,206.0628263
35025,57.06475994
35027,20.54822669
35028,5.4609596
35029,12.38298083
35031,20.62592817
35033,21.95678904
35035,7.609631968
35037,83.65000837
35039,7.629355726
35041,31.38469264
35043,2.841744661
35045,15.68135487
35047,10.72133116
35049,3.360711933
35051,17.97591228
35053,5.888587917
35055,33.50165376
35057,0
35059,0
35061,3.954225881
36001,4.555859063
36003,6.382951562
36005,2.017229645
36007,2.570160234
36009,6.440593256
36011,6.421584744
36013,4.634421392
36015,7.006121014
36017,6.207170523
36019,7.427746595
36021,8.214658895
36023,8.316630767
36025,10.99384345
36027,2.381472417
36029,2.065294615
36031,2.649231193
36033,1.972690079
36035,1.860271302
36037,20.65511128
36039,6.305249751
36041,21.87417972
36043,6.403114475
36045,3.494395863
36047,1.693417532
36049,14.96401155
36051,7.821666015
36053,1.399415604
36055,1.880558225
36057,12.14727354
36059,2.359769238
36061,2.327878787
36063,2.83520378
36065,4.767179615
36067,3.015791979
36069,4.569465007
36071,4.761070945
36073,4.853662088
36075,6.720859195
36077,4.978162461
36079,5.049954146
36081,1.088677863
36083,4.392134816
36085,0.843790357
36087,1.545652389
36089,1.823952139
36091,5.276307007
36093,0.645983982
36095,3.187210362
36097,11.11518668
36099,5.786534734
36101,7.218072403
36103,2.419977397
36105,7.983373295
36107,4.080749879
36109,4.859823258
36111,3.347642646
36113,9.307982526
36115,8.081487252
36117,6.600965061
36119,1.445090882
36121,14.79282647
36123,7.981546664
37001,4.984460943
37003,5.389266736
37005,9.125419769
37007,7.934555784
37009,3.734743573
37011,0
37013,12.70185362
37015,25.44011397
37017,26.67836562
37019,6.303590367
37021,4.715783649
37023,7.801181322
37025,3.47118913
37027,3.668288866
37029,9.584970766
37031,4.35403532
37033,8.800880088
37035,5.742733209
37037,4.299349365
37039,7.230030655
37041,14.0755859
37043,73.98364961
37045,16.47880825
37047,14.19869656
37049,13.60888077
37051,0.902984545
37053,0
37055,8.380028716
37057,8.508807223
37059,11.92184989
37061,11.84336974
37063,3.587998601
37065,11.25146269
37067,5.650872925
37069,6.157351108
37071,9.238967749
37073,8.64902266
37075,11.70275015
37077,22.09441453
37079,14.27089973
37081,6.1199487
37083,13.52526326
37085,7.667253467
37087,4.96560491
37089,6.168444354
37091,20.66713512
37093,9.393587561
37095,18.70837387
37097,5.797887945
37099,2.362156365
37101,8.370626217
37103,10.33015165
37105,13.33204457
37107,12.23399793
37109,8.579882382
37111,13.31038032
37113,5.812905813
37115,9.352087386
37117,4.338695962
37119,4.646975881
37121,0
37123,14.66619735
37125,6.270811255
37127,9.573408899
37129,2.675757105
37131,24.77700694
37133,2.063491572
37135,4.888097483
37137,23.56674889
37139,30.42889528
37141,0
37143,0
37145,7.639497219
37147,3.384484171
37149,9.763050758
37151,6.299018613
37153,15.49172963
37155,16.48473514
37157,9.864894785
37159,9.319383888
37161,3.007283641
37163,15.76352195
37165,8.51252192
37167,13.08254102
37169,0
37171,12.48062037
37173,0
37175,2.986108623
37177,0
37179,7.501564297
37181,4.496867931
37183,2.580560807
37185,24.96405177
37187,8.263643275
37189,7.38435182
37191,11.30001873
37193,7.302574888
37195,4.921477821
37197,7.970795007
37199,5.664310314
38001,0
38003,0
38005,0
38007,107.3883162
38009,0
38011,31.3401028
38013,90.46499005
38015,0
38017,4.025292639
38019,26.17526961
38021,0
38023,0
38025,136.8176221
38027,0
38029,59.79788315
38031,0
38033,0
38035,14.22746299
38037,0
38039,0
38041,0
38043,40.66363045
38045,97.46113737
38047,0
38049,50.64145847
38051,0
38053,279.4321938
38055,10.41124414
38057,0
38059,3.273236707
38061,78.72311114
38063,0
38065,0
38067,14.28489801
38069,23.78800133
38071,17.23781287
38073,0
38075,0
38077,18.41937227
38079,0
38081,0
38083,0
38085,0
38087,129.2323598
38089,22.69352716
38091,0
38093,23.75477471
38095,0
38097,12.48501798
38099,37.02263934
38101,14.48058154
38103,0
38105,58.63176904
39001,17.95383709
39003,6.751881846
39005,13.09101246
39007,7.12922432
39009,6.078232936
39011,13.11613022
39013,13.13941503
39015,6.869358539
39017,5.024570148
39019,21.75899735
39021,2.571778333
39023,4.438808801
39025,1.47579693
39027,7.155805744
39029,2.886352747
39031,5.468754272
39033,11.90362823
39035,2.394107431
39037,11.59926847
39039,10.45828191
39041,7.099852323
39043,10.6541374
39045,3.267670582
39047,31.41953457
39049,2.90268657
39051,30.72675875
39053,3.311148637
39055,10.64862931
39057,2.414738599
39059,7.63864134
39061,2.217791568
39063,11.88329025
39065,22.21587483
39067,26.13183511
39069,43.91422089
39071,2.325429972
39073,7.021042063
39075,4.55931902
39077,15.40879534
39079,12.300123
39081,2.990368025
39083,4.90066355
39085,0.869959347
39087,0
39089,11.02987703
39091,11.04332961
39093,5.218590446
39095,4.625886088
39097,22.73491993
39099,8.661660804
39101,10.69708306
39103,6.771924954
39105,21.59677949
39107,19.60995794
39109,7.637581483
39111,7.101163171
39113,3.948630201
39115,13.61971044
39117,31.45985151
39119,10.45670228
39121,13.8529098
39123,2.45655581
39125,26.49820872
39127,16.67574568
39129,0
39131,24.92682197
39133,9.23016714
39135,14.55773598
39137,5.886057695
39139,4.947670142
39141,9.086873103
39143,25.29920527
39145,3.923004498
39147,10.81544879
39149,16.38337088
39151,5.891934424
39153,2.584835215
39155,4.956206955
39157,7.57021919
39159,14.37184269
39161,17.68459177
39163,7.628812499
39165,4.415697274
39167,6.592392379
39169,9.471376639
39171,24.37901238
39173,16.9421564
39175,22.62218241
40001,13.47817883
40003,51.10384301
40005,72.16985898
40007,92.23730815
40009,44.21804804
40011,134.877158
40013,39.33996285
40015,40.84772648
40017,14.63503158
40019,28.91761372
40021,4.1168358
40023,13.4276852
40025,136.0544218
40027,3.617730352
40029,17.77019583
40031,4.895241825
40033,16.80502806
40035,34.50893781
40037,18.24966098
40039,20.51071685
40041,9.482358073
40043,101.2760786
40045,24.58814851
40047,11.24584707
40049,46.73468361
40051,49.37874227
40053,45.19569737
40055,50.47955578
40057,73.01401869
40059,78.91829326
40061,31.42973882
40063,22.30052183
40065,7.898395046
40067,0
40069,36.14610255
40071,8.931561907
40073,83.11276484
40075,0
40077,0
40079,17.96507589
40081,20.10050251
40083,15.21170345
40085,30.11806281
40087,33.67753501
40089,21.15557812
40091,5.050913205
40093,90.63131182
40095,24.46273714
40097,26.82403433
40099,43.21521175
40101,15.92324417
40103,61.30778259
40105,28.82453544
40107,24.78929103
40109,6.273161087
40111,12.86279514
40113,10.56358858
40115,34.7947112
40117,12.18917601
40119,12.26052137
40121,27.03652635
40123,33.89353259
40125,18.06996133
40127,17.96654629
40129,54.01901469
40131,13.22535565
40133,35.92670951
40135,11.97157469
40137,9.105146229
40139,28.36021251
40141,26.6780493
40143,3.1138495
40145,3.854525084
40147,7.695208194
40149,8.807313593
40151,32.84287966
40153,19.05451497
41001,37.50703257
41003,4.447429164
41005,2.712689666
41007,2.594222148
41009,7.873581771
41011,4.742288249
41013,13.4400172
41015,8.891576121
41017,7.197646259
41019,16.62713104
41021,106.2699256
41023,27.82724844
41025,41.58580538
41027,0
41029,6.068442698
41031,17.30373242
41033,4.682272682
41035,10.55345324
41037,25.54996295
41039,5.698284002
41041,4.182070627
41043,11.39076339
41045,19.75855051
41047,6.567877823
41049,26.78332292
41051,2.632498012
41053,6.146130396
41055,234.082397
41057,15.35744452
41059,15.60959366
41061,11.4955742
41063,0
41065,11.60676287
41067,2.063181495
41069,74.6937556
41071,6.758674759
42001,5.821738371
42003,3.03956112
42005,13.77157547
42007,3.645599154
42009,18.71335302
42011,6.658280404
42013,4.081532697
42015,9.869395006
42017,3.344950399
42019,6.928234153
42021,4.564507908
42023,0
42025,9.349435138
42027,7.995030781
42029,4.405404474
42031,20.68680182
42033,13.82395818
42035,12.92123217
42037,6.13355823
42039,8.224650452
42041,11.14955939
42043,8.307327785
42045,2.123025807
42047,9.963467287
42049,2.577851103
42051,6.905918372
42053,13.72872048
42055,9.056857659
42057,41.3080895
42059,27.2769428
42061,4.405771561
42063,11.84258832
42065,13.75705049
42067,8.09126952
42069,4.755812792
42071,5.331186152
42073,5.805313022
42075,12.73533844
42077,8.144228864
42079,5.348283358
42081,6.147576976
42083,17.09401709
42085,9.052149433
42087,4.327973859
42089,6.497572271
42091,2.539532049
42093,21.92982456
42095,7.223440722
42097,8.783487044
42099,15.16661611
42101,0.947213676
42103,7.171029043
42105,6.015761295
42107,8.461728308
42109,9.872155585
42111,14.89062162
42113,32.91639236
42115,24.65483235
42117,22.11845662
42119,8.885532132
42121,5.859260561
42123,10.11352431
42125,8.211846313
42127,7.782858255
42129,5.992141734
42131,11.07542363
42133,5.582263586
44001,0
44003,0
44005,0
44007,1.726972006
44009,2.379120836
45001,4.051798188
45003,5.989107012
45005,32.51398101
45007,10.20873807
45009,20.55667475
45011,0
45013,2.189637976
45015,9.085614221
45017,61.13548983
45019,5.825106004
45021,10.58096555
45023,37.09405197
45025,21.71477213
45027,32.30429471
45029,29.29006215
45031,19.33568535
45033,6.482393818
45035,6.431397568
45037,7.461127526
45039,8.810495062
45041,8.659745606
45043,12.99106215
45045,6.016946127
45047,8.549127562
45049,15.14768998
45051,6.543931594
45053,50.03609747
45055,10.86308785
45057,10.06803756
45059,16.50660264
45061,33.96200783
45063,9.440143546
45065,10.41775185
45067,19.00743191
45069,22.11019722
45071,15.77369998
45073,11.73978378
45075,20.34767392
45077,5.702127382
45079,4.653762518
45081,14.8348877
45083,9.594496861
45085,6.545371581
45087,3.621718723
45089,31.44931
45091,4.640873722
46003,36.21876132
46005,27.37176329
46007,29.07314804
46009,14.40009216
46011,8.762859496
46013,5.154904892
46015,0
46017,0
46019,0
46021,0
46023,0
46025,27.26281352
46027,14.36802253
46029,7.139185562
46031,0
46033,11.61359255
46035,0
46037,18.17586972
46039,23.19217032
46041,0
46043,0
46045,50.8001016
46047,14.76276241
46049,0
46051,41.66319473
46053,23.8424491
46055,0
46057,16.71402307
46059,30.42102701
46061,147.3709031
46063,238.9295954
46065,0
46067,41.12518506
46069,0
46071,61.06870229
46073,49.42665085
46075,214.86893
46077,0
46079,0
46081,11.87836554
46083,3.642018698
46085,51.76251359
46087,18.0498899
46089,0
46091,20.62025734
46093,7.3006023
46095,0
46097,0
46099,1.611068686
46101,46.3077303
46103,0
46105,3.655224595
46107,0
46109,0
46111,29.22723199
46113,42.07337597
46115,0
46117,0
46119,0
46121,9.85279918
46123,0
46125,12.10448592
46127,6.587615283
46129,36.56039778
46135,4.40730555
46137,35.56693698
47001,3.963179421
47003,8.403431962
47005,24.77148307
47007,0
47009,3.113349263
47011,9.552813686
47013,12.56060492
47015,7.164863509
47017,14.27796339
47019,7.089684509
47021,7.50577945
47023,5.828320977
47025,9.477415319
47027,39.18802414
47029,14.12237889
47031,14.64949258
47033,13.80872159
47035,22.14786597
47037,4.102073657
47039,25.66252074
47041,0
47043,17.313086
47045,7.990326378
47047,15.08963242
47049,11.0631707
47051,7.221711353
47053,6.086649543
47055,17.14889355
47057,8.692024199
47059,16.00866214
47061,0
47063,3.137402544
47065,3.636318882
47067,15.1823399
47069,7.803111881
47071,27.18953436
47073,14.1468228
47075,44.92009838
47077,42.9000429
47079,9.298289115
47081,16.21402513
47083,12.2434987
47085,5.450125898
47087,8.598748022
47089,9.387591107
47091,11.24694927
47093,5.036984607
47095,13.27280932
47097,3.797372218
47099,9.297525464
47101,0
47103,14.81946923
47105,11.61813513
47107,15.14325519
47109,15.43698238
47111,12.76280748
47113,10.24013107
47115,38.68091062
47117,9.274258368
47119,7.797270955
47121,41.80671918
47123,15.27263841
47125,6.116769123
47127,31.55868337
47129,0
47131,3.276862077
47133,27.26083164
47135,0
47137,39.33446092
47139,23.83108527
47141,10.47342499
47143,15.33253195
47145,7.551615291
47147,17.25958123
47149,6.837548954
47151,9.110372159
47153,13.57091482
47155,2.075769747
47157,6.83438825
47159,25.6037361
47161,0
47163,3.829911095
47165,2.783428137
47167,3.25485869
47169,10.44539149
47171,5.610098177
47173,20.73462787
47175,34.93815946
47177,14.83562132
47179,6.295316442
47181,0
47183,5.944561024
47185,7.5233789
47187,5.028028976
47189,11.29735853
48001,13.83398526
48003,73.10599244
48005,18.28738628
48007,0
48009,34.19115133
48011,106.3490375
48013,20.47476894
48015,20.30388143
48017,14.09800936
48019,9.193119869
48021,23.07937117
48023,55.73825316
48025,12.24522283
48027,6.140016946
48029,4.314528953
48031,62.20673966
48033,151.7911354
48035,5.524068366
48037,14.99288909
48039,5.943311002
48041,6.39462121
48043,10.84575172
48045,0
48047,69.75641061
48049,13.23010325
48051,33.6194724
48053,15.32070615
48055,19.3462889
48057,4.592928727
48059,65.36802196
48061,2.138609457
48063,15.63599406
48065,116.0592897
48067,33.24622822
48069,77.3933906
48071,47.26767936
48073,9.647555502
48075,55.32044367
48077,19.26077159
48079,34.41866869
48081,122.3765527
48083,23.86065378
48085,3.17807114
48087,0
48089,71.20884129
48091,13.32910751
48093,74.09273447
48095,28.26295857
48097,27.81809997
48099,11.94854161
48101,0
48103,124.4245365
48105,248.0568877
48107,34.16817576
48109,402.5044723
48111,68.59275112
48113,4.373663517
48115,30.87372646
48117,26.52294765
48119,38.37887627
48121,3.469564116
48123,34.29388883
48125,90.74410163
48127,94.24537726
48129,59.11563017
48131,70.55544776
48133,65.74477877
48135,31.59517731
48137,1412.281619
48139,16.60264765
48141,1.916233758
48143,21.73671524
48145,0
48147,23.42427809
48149,19.97730578
48151,51.75179837
48153,0
48155,0
48157,3.108669349
48159,37.43986222
48161,50.7459657
48163,35.71829491
48165,29.59426266
48167,3.362573457
48169,110.2258054
48171,34.40893103
48173,659.1475026
48175,53.09123729
48177,87.23719794
48179,30.81121528
48181,10.89567084
48183,16.22281057
48185,28.97794778
48187,11.61596085
48189,11.75246949
48191,0
48193,36.26604773
48195,18.01022981
48197,0
48199,23.07140778
48201,3.525445907
48203,25.53096907
48205,225.5065223
48207,17.37257218
48209,8.810624438
48211,49.21986514
48213,13.6838046
48215,2.47817261
48217,36.81363804
48219,12.95739608
48221,8.81032429
48223,27.6194264
48225,43.62621063
48227,46.80075542
48229,365.9786268
48231,20.61381429
48233,9.285223495
48235,389.25652
48237,33.93281303
48239,40.51644968
48241,11.27236861
48243,762.3318386
48245,0
48247,38.04451208
48249,24.28552
48251,9.18021871
48253,25.13067953
48255,110.3423208
48257,12.63183424
48259,16.68446343
48261,229.5684114
48263,0
48265,15.56686748
48267,181.8925924
48269,356.6333809
48271,54.99945001
48273,12.81377737
48275,26.79384813
48277,14.13518895
48279,15.10437121
48281,24.27490848
48283,238.492726
48285,30.08091767
48287,47.24223456
48289,58.51169649
48291,33.06108955
48293,8.534097989
48295,28.88170055
48297,123.870712
48299,9.698756619
48301,5775.577558
48303,5.305377531
48305,103.4518432
48307,61.79858605
48309,8.051594618
48311,509.035378
48313,85.01834979
48315,29.77253781
48317,286.3688431
48319,0
48321,8.165353859
48323,12.09971548
48325,20.28142505
48327,0
48329,40.8175201
48331,56.8324822
48333,61.36224177
48335,104.3115438
48337,30.93102382
48339,5.596678101
48341,37.02366738
48343,32.21493807
48345,0
48347,16.83352258
48349,18.53575754
48351,7.115513242
48353,86.74300051
48355,4.716813609
48357,48.51354498
48359,287.6594113
48361,17.84894084
48363,31.79088661
48365,51.19934465
48367,14.65314464
48369,71.52052639
48371,113.805923
48373,25.10176675
48375,12.43748093
48377,14.13907191
48379,43.60718646
48381,6.806332612
48383,159.8635831
48385,29.52116668
48387,40.79900777
48389,274.1299637
48391,96.84560044
48393,437.3496611
48395,41.4977117
48397,10.68319
48399,19.44882043
48401,35.50300281
48403,38.28337353
48405,47.99155349
48407,3.594794737
48409,16.41962593
48411,0
48413,32.71180896
48415,34.82055806
48417,30.2462041
48419,59.0188703
48421,65.18904824
48423,14.23314062
48425,11.43301397
48427,1.568765256
48429,0
48431,227.1694684
48433,72.3065799
48435,129.4397846
48437,13.39836004
48439,4.062440704
48441,11.00828557
48443,118.5114956
48445,39.6215351
48447,129.4833614
48449,27.61532466
48451,7.665485046
48453,4.24128275
48455,20.61997388
48457,18.62422826
48459,24.55602703
48461,193.1673933
48463,18.53471924
48465,14.3053915
48467,18.40217587
48469,15.23385049
48471,22.30220039
48473,15.9565344
48475,155.5344336
48477,20.07617474
48479,6.993305566
48481,21.69479759
48483,109.7694841
48485,5.315933523
48487,38.83012596
48489,9.215146014
48491,4.932871212
48493,18.67669398
48495,204.3735949
48497,30.94356204
48499,11.41271102
48501,58.35531383
48503,11.05668764
48505,0
48507,24.75247525
09001,30.95112817
49003,11.32143828
49005,4.914584521
49007,24.57847908
49009,0
49011,0.587519902
49013,24.75247525
49015,29.29001015
49017,80.17317406
49019,0
49021,2.013944552
49023,27.32290206
49025,40.8719346
49027,31.43616102
49029,17.60718373
49031,0
49033,42.60032376
49035,2.143700076
49037,26.22572481
49039,6.820956707
49041,14.21625771
49043,14.81591229
49045,13.79657109
49047,2.753213
49049,4.234609566
49051,22.98639206
49053,3.737949784
49055,37.23285427
49057,2.828447392
50001,10.83629074
50003,2.78666414
50005,3.288413604
50007,1.853217742
50009,32.26951499
50011,2.041307907
50013,28.69852203
50015,11.87122099
50017,3.459680879
50019,3.717637962
50021,10.12463425
50023,6.842285323
50025,4.639273304
50027,9.023935085
51001,18.29022936
51003,5.645199228
51005,13.06660046
51007,7.771819383
51009,21.9534837
51011,6.412558354
51013,0
51015,8.027421672
51017,45.61419514
51019,6.411637378
51021,15.50676095
51023,15.02611539
51025,0
51027,13.50268703
51029,29.38410907
51031,7.233011464
51033,13.25179065
51035,33.57439751
51036,14.25151066
51037,16.53056501
51041,3.535559479
51043,20.88758303
51045,19.53430223
51047,13.88134229
51049,0
51051,0
51053,14.08718559
51057,9.072928197
51059,1.224193348
51061,15.9174377
51063,0
51065,3.797458741
51067,10.67049856
51069,15.27707921
51071,17.85905633
51073,0
51075,0
51077,6.322711179
51079,0
51081,43.21446475
51083,17.23612923
51085,9.585062638
51087,3.990930151
51089,7.745393427
51091,45.17119884
51093,19.24208188
51095,10.80730574
51097,0
51099,11.57675388
51101,18.19527166
51103,9.280225695
51105,4.130865829
51107,1.299148746
51109,2.826120133
51111,8.104121756
51113,15.23972081
51115,0
51117,19.46080594
51119,0
51121,6.131583788
51125,20.24564719
51127,33.21943812
51131,66.94224558
51133,0
51135,19.36883425
51137,5.620408829
51139,8.416020737
51141,5.598665278
51143,9.730939522
51145,3.498436199
51147,8.718471826
51149,15.82011475
51153,3.288665942
51155,8.760402979
51157,0
51159,22.58253918
51161,1.067675691
51163,26.61769012
51165,12.58342813
51167,7.288948496
51169,0
51171,6.969191527
51173,9.65853847
51175,16.66796306
51177,9.135840817
51179,4.862623927
51181,0
51183,43.51685843
51185,7.115749526
51187,25.32645804
51191,7.374169023
51193,17.01143168
51195,2.564891762
51197,13.83211956
51199,0
51510,0.641016601
51520,5.883045064
51530,0
51540,0
51550,2.524323965
51570,0
51580,17.71416425
51590,0
51595,0
51600,0
51610,0
51620,0
51630,10.53903659
51640,0
51650,0.737057636
51660,7.521879266
51670,0
51678,0
51680,0
51683,0
51685,0
51690,0
51700,2.220596252
51710,2.037753874
51720,0
51730,9.511369257
51735,0
51740,4.193593029
51750,0
51760,1.786160826
51770,4.028781616
51775,7.892036935
01790,0
51800,11.22994893
51810,2.000092449
51820,4.571344981
51830,0
51840,0
53001,36.02083033
53003,0
53005,5.156303013
53007,1.322516908
53009,5.374942555
53011,0.859763539
53013,0
53015,5.713349813
53017,7.265329846
53019,13.20759701
53021,4.419987182
53023,0
53025,13.75154969
53027,4.171150654
53029,1.225847735
53031,16.1967451
53033,1.850146805
53035,1.906467194
53037,17.84543179
53039,4.671107333
53041,3.897490795
53043,47.93404276
53045,1.598174246
53047,19.21201904
53049,0
53051,7.566471452
53053,2.434625099
53055,0
53057,5.655898375
53059,17.22326519
53061,1.654282875
53063,3.014975989
53065,4.524211317
53067,4.370228257
53069,0
53071,6.653869059
53073,3.231721843
53075,16.46287005
53077,7.633704331
54001,23.91600698
54003,7.046384588
54005,8.764318706
54007,14.00638691
54009,0
54011,9.446061937
54013,13.54242843
54015,11.38511283
54017,46.70278349
54019,9.064786026
54021,0
54023,25.80556368
54025,11.31919566
54027,4.280821918
54029,6.740043271
54031,36.12351352
54033,8.798866706
54035,17.23009063
54037,1.779308774
54039,9.153288507
54041,6.144619771
54043,9.491087868
54045,14.79263682
54047,10.40961849
54049,1.7699303
54051,9.471610426
54053,0
54055,11.56661544
54057,3.662064672
54059,0
54061,8.56756093
54063,0
54065,0
54067,3.949103948
54069,4.704886024
54071,42.53388533
54073,13.32019075
54075,23.44500973
54077,2.960384139
54079,7.061498591
54081,13.1206046
54083,10.32126663
54085,20.10252287
54087,0
54089,0
54091,0
54093,0
54095,22.44668911
54097,16.2606914
54099,2.455457992
54101,23.49403252
54103,25.6186914
54105,17.2663858
54107,5.844494369
54109,4.604602761
55001,4.981270423
55003,0
55005,13.25972711
55007,6.675210937
55009,2.310359885
55011,22.78630998
55013,0
55015,4.015564327
55017,6.286678842
55019,20.29291371
55021,14.04583155
55023,0
55025,4.150976291
55027,7.976171757
55029,7.290649014
55031,9.217949191
55033,8.988723646
55035,2.914806049
55037,46.24491306
55039,8.796604901
55041,11.09311561
55043,13.51810654
55045,16.27100994
55047,10.68216292
55049,8.475007204
55051,17.47640685
55053,29.25516354
55055,7.090606129
55057,30.29293266
55059,2.378418233
55061,0
55063,4.245246173
55065,11.94943001
55067,10.43928512
55069,0
55071,3.779327582
55073,8.131030823
55075,4.934518934
55077,6.577562618
55078,0
55079,1.153322965
55081,13.17193324
55083,10.65178258
55085,11.32265607
55087,4.334802831
55089,2.265806265
55091,0
55093,4.803743077
55095,6.92089418
55097,0
55099,0
55101,7.680601668
55103,0
55105,9.897009248
55107,7.058856748
55109,9.101147882
55111,9.430136831
55113,0
55115,17.07608616
55117,6.950115546
55119,9.832938377
55121,10.18627298
55123,3.278043664
55125,4.630744438
55127,9.714906358
55129,0
55131,4.463010568
55133,1.755639113
55135,5.832853743
55137,12.43523316
55139,2.94300806
55141,2.731136043
56001,28.84262415
56003,16.81378731
56005,12.56102565
56007,97.01830412
56009,35.72296129
56011,27.0197244
56013,17.46829504
56015,0
56017,42.7167877
56019,46.98144233
56021,11.26739789
56023,26.28563017
56025,8.680900036
56027,122.508984
56029,3.436166338
56031,92.39582371
56033,13.32755806
56035,0
56037,34.05824414
56039,8.642519467
56041,19.4193611
56043,0
56045,0