fips,10k index
01001,1.268469827
01003,0.528795817
01005,1.939894315
01007,3.55170393
01009,0.520645323
01011,0
01013,3.99920016
01015,1.042752868
01017,0.295814229
01019,2.708684817
01021,2.959805837
01023,0
01025,2.461376894
01027,0.747462365
01029,4.016225551
01031,0.779347297
01033,1.098599286
01035,7.1910256
01037,3.692966745
01039,0.535581347
01041,0
01043,1.700829033
01045,1.216416761
01047,0.749617695
01049,0.842630355
01051,0.246884929
01053,0.804772839
01055,1.359566493
01057,1.808492682
01059,0.952229805
01061,0.377617836
01063,8.314921721
01065,1.343381829
01067,1.169043722
01069,0.766600739
01071,1.537314465
01073,0.590945264
01075,0
01077,0.431916934
01079,2.412399735
01081,0.314177314
01083,0.967080577
01085,2.931806188
01087,3.679910841
01089,0.503280269
01091,4.092950915
01093,1.66866907
01095,0.840871395
01097,0.893068773
01099,1.394790921
01101,0.924483764
01103,0.419584175
01105,3.168233182
01107,2.461671771
01109,1.79910045
01111,0.886014265
01113,1.374466535
01115,1.603930087
01117,0.615683641
01119,3.085181871
01121,1.858869659
01123,1.230175718
01125,1.019166147
01127,2.171444879
01129,1.20127335
01131,2.779012895
01133,1.255976354
02013,0
02016,0
02020,0.101382177
02050,0
02060,0
02068,14.97005988
02070,0
02090,0.100449007
02100,0
02110,0.309319806
02122,0.858604939
02130,0
02150,0
02164,0
02170,0.871029557
02180,0
02185,1.022390349
02188,0
02201,0
02220,0
02232,0
02240,1.452432825
02261,0
02280,0
02282,0
02290,0
04001,1.398738338
04003,0.951280185
04005,1.8559259
04007,1.686928553
04009,0.528423923
04011,0
04012,9.673518742
04013,0.334081755
04015,0.874025704
04017,1.472951998
04019,0.382879663
04021,0.858574223
04023,1.07508848
04025,1.157665079
04027,0.43369063
05001,0.552114045
05003,1.948425185
05005,0.242613628
05007,0.42487611
05009,0.804988784
05011,0.915482642
05013,0
05015,1.077748798
05017,5.538222969
05019,2.674535745
05021,4.654688601
05023,0.396284437
05025,1.216989169
05027,1.674046421
05029,3.829950211
05031,1.228608044
05033,0.960777846
05035,3.470237609
05037,1.767138296
05039,0
05041,2.522958926
05043,2.162021923
05045,0.571263488
05047,2.815156804
05049,2.468851326
05051,0.509012577
05053,3.317226356
05055,2.016580775
05057,4.090760336
05059,3.281192206
05061,2.243997307
05063,0.536506591
05065,0
05067,1.744023812
05069,0.426085524
05071,1.142857143
05073,1.447932353
05075,4.20132762
05077,0
05079,0.732300302
05081,2.420096481
05083,0.91963325
05085,1.386197356
05087,0.623371442
05089,0.608954061
05091,2.980817294
05093,1.633803869
05095,6.909131108
05097,3.338898164
05099,2.372591819
05101,1.276291607
05103,1.24453442
05105,0.967510981
05107,2.100818269
05109,1.850036076
05111,1.248938402
05113,2.977549278
05115,0.943841435
05117,6.063840109
05119,0.63584853
05121,2.838167679
05123,4.939510001
05125,0.254446883
05127,0.956260638
05129,2.526273242
05131,0.314041256
05133,2.330812172
05135,1.763212338
05137,0
05139,2.516356316
05141,3.589761999
05143,0.175100683
05145,0.508223049
05147,3.011413256
05149,2.320250216
06001,0.200724262
06003,27.75721688
06005,1.321912014
06007,0.397030915
06009,1.988185758
06011,2.806361085
06013,0.220590714
06015,1.096186732
06017,0.214344353
06019,0.685902934
06021,1.79446873
06023,0.810448001
06025,1.444024073
06027,1.109434632
06029,1.2479644
06031,1.5999808
06033,0.779702777
06035,1.933251278
06037,0.238053612
06039,0.905219626
06041,0.268972556
06043,1.141409184
06045,1.259751623
06047,1.525698342
06049,1.117043855
06051,1.40368608
06053,0.462649389
06055,0.570797433
06057,0.303008266
06059,0.174149115
06061,0.263373306
06063,1.610911239
06065,0.457874996
06067,0.364449598
06069,0.673634291
06071,0.754858523
06073,0.178886386
06075,0.126611185
06077,0.819124705
06079,0.569013515
06081,0.143687658
06083,0.315785865
06085,0.192683184
06087,0.219385326
06089,0.894032556
06091,0
06093,2.072395689
06095,0.342386176
06097,0.399507487
06099,0.631190306
06101,1.463351409
06103,1.891092011
06105,0.777085308
06107,0.935420728
06109,0.370921257
06111,0.259887048
06113,0.884002989
06115,0.530975801
08001,0.54368247
08003,2.496691883
08005,0.235460842
08007,2.326735745
08009,11.22964627
08011,1.713678582
08013,0.437886709
08015,1.04297038
08017,5.414185165
08019,1.066120813
08021,1.229558588
08023,13.58843353
08025,1.765599068
08027,4.319094718
08029,0.98928277
08031,0.259721371
08033,0
08035,0.212947966
08037,0.368250882
08039,0.794369509
08041,0.319991157
08043,1.489919629
08045,0.513036251
08047,0
08049,2.654667569
08051,2.429749857
08053,0
08055,3.040252949
08057,0
08059,0.192987264
08061,14.59854015
08063,6.552221203
08065,0
08067,0.72534726
08069,0.827893384
08071,0.70548728
08073,5.410474679
08075,1.786799128
08077,0.267024479
08079,53.63368195
08081,2.29751256
08083,1.158408501
08085,0.242416015
08087,2.471437247
08089,0.546645238
08091,2.118105566
08093,3.453475924
08095,2.317819396
08097,0
08099,3.333277779
08101,0.789946053
08103,3.106458327
08105,3.523546097
08107,1.211758908
08109,3.092528451
08111,14.01345291
08113,0
08115,4.275696939
08117,1.649609702
08119,0.41436693
08121,8.277460475
08123,2.332116352
08125,3.985492806
09001,0.243618519
09003,0.268246699
09005,0.437148915
09007,0.305767758
09009,0.407384982
09011,0.483917198
09013,0.661124679
09015,0.857930192
10001,0.514776959
10003,0.432769291
10005,1.138478101
11001,0.131579101
12001,1.103814096
12003,1.079385182
12005,0.546814423
12007,2.964412231
12009,0.433856043
12011,0.351183262
12013,2.771733858
12015,0.791438892
12017,0.559428041
12019,0.482465282
12021,0.549578583
12023,2.4571232
12027,2.749518834
12029,0.608576054
12031,0.606081465
12033,0.385332449
12035,0.74652632
12037,0
12039,1.30332783
12041,1.701162461
12043,5.246275145
12045,0.623099546
12047,2.806151083
12049,2.941522532
12051,1.749011808
12053,0.492911387
12055,0.98126375
12057,0.509200098
12059,1.029813089
12061,1.259168737
12063,3.511830738
12065,1.41608961
12067,2.292211067
12069,0.804740698
12071,0.584307992
12073,0.451690016
12075,1.751681614
12077,1.196458483
12079,3.246437035
12081,0.668921736
12083,1.091918253
12085,0.698460593
12086,0.275821557
12087,1.312263629
12089,2.108568976
12091,0.64815535
12093,2.215428242
12095,0.544474162
12097,0.914416514
12099,0.387434824
12101,0.568078976
12103,0.208998078
12105,1.197350622
12107,1.649665943
12109,0.807457164
12111,0.425815978
12113,0.469410842
12115,0.679578331
12117,0.263552646
12119,1.239597709
12121,2.732240437
12123,1.812185133
12125,1.306557613
12127,0.682887263
12129,1.569523618
12131,0.913447778
12133,1.630736114
13001,2.708940588
13003,3.636980821
13005,3.570089788
13007,0
13009,1.324070723
13011,4.863182467
13013,1.690239
13015,1.351116601
13017,2.327855114
13019,1.050707126
13021,1.43384313
13023,1.565533221
13025,0.537432149
13027,2.563543843
13029,1.951458855
13031,1.471997259
13033,2.215565678
13035,1.682708488
13037,1.555645437
13039,0.569480406
13043,1.84774575
13045,1.465876128
13047,0.301763809
13049,2.312637795
13051,0.627068455
13053,4.66504945
13055,0.805607025
13057,0.248145526
13059,0.240795589
13061,3.334889615
13063,0.46693289
13065,4.464950141
13067,0.37599114
13069,0.698603724
13071,2.195929625
13073,0.543539557
13075,1.1639682
13077,0.853566414
13079,0.811424862
13081,1.750516402
13083,3.696584356
13085,1.672352666
13087,2.235902634
13089,0.45794823
13091,0.955009502
13093,5.752664203
13095,0.661811909
13097,0.847165666
13099,0.964859806
13101,2.508528999
13103,1.362866654
13105,1.562142009
13107,1.77779358
13109,0.932975071
13111,0.401123145
13113,0.539285124
13115,1.135856725
13117,0.318106051
13119,2.662974009
13121,0.499128092
13123,1.002024089
13125,0
13127,1.788964237
13129,1.056765944
13131,0.801796023
13133,2.946723244
13135,0.288250574
13137,0
13139,0.715719344
13141,3.513785753
13143,0.345237109
13145,1.487847264
13147,0.390551772
13149,1.712915382
13151,0.950074061
13153,0.593475724
13155,2.16155459
13157,2.43494882
13159,0.725773675
13161,2.666951141
13163,1.902466865
13165,0
13167,0
13169,2.450757284
13171,0
13173,0
13175,1.898365718
13177,0
13179,0.484809308
13181,1.281985539
13183,0.549873529
13185,1.745441344
13187,0
13189,4.651811881
13191,2.834708167
13193,2.225552308
13195,1.037530953
13197,0
13199,1.894477598
13201,3.429002503
13205,1.784582988
13207,1.852592889
13209,1.108622869
13211,2.742581318
13213,1.264299224
13215,0.559233504
13217,0.75175111
13219,2.156869089
13221,0.676233111
13223,0.385114552
13225,1.847459005
13227,1.621796951
13229,1.043917614
13231,2.764324731
13233,1.203050937
13235,0.885692523
13237,1.395647441
13239,0
13241,0.607917518
13243,1.412429379
13245,0.595222152
13247,0.337190038
13249,1.920417883
13251,3.572449271
13253,2.37428178
13255,1.08184631
13257,0.389918273
13259,1.627021574
13261,1.974242713
13263,1.565239169
13265,12.23840411
13267,0.787748929
13269,3.663719408
13271,1.238083447
13273,1.130326664
13275,0.67124906
13277,0.740682218
13279,0.369912775
13281,0.875135646
13283,4.42699879
13285,1.576148009
13287,5.025757005
13289,3.621876132
13291,0.879569363
13293,0
13295,0.145309553
13297,0.444303255
13299,1.969135212
13301,9.367155008
13303,0.977020478
13305,2.014747955
13307,0
13309,3.771876886
13311,0.691233091
13313,0.962202752
13315,0
13317,0
13319,2.203565369
13321,5.328063394
15001,0.707433713
15003,0
15007,0.280236856
15009,0.242304412
16001,0.246843766
16003,4.98132005
16005,0.353315275
16007,1.677852349
16009,2.20143093
16011,1.318101933
16013,0.453329707
16015,1.395089286
16017,2.340769177
16019,0
16021,0
16023,0
16025,0
16027,0.801316044
16029,1.45327714
16031,2.544097693
16033,0
16035,2.316423442
16037,4.840271055
16039,1.887789776
16041,0.753522719
16043,3.857727027
16045,0.586923348
16047,3.965893317
16049,3.673769287
16051,1.073383663
16053,4.694234626
16055,0.521209989
16057,1.020746676
16059,1.284356537
16061,2.608922515
16063,9.358038555
16065,1.03364515
16067,4.376367615
16069,0.997431614
16071,2.317497103
16073,0
16075,0.434404865
16077,6.509569067
16079,4.796929965
16081,0.902201371
16083,1.553333094
16085,0.96255655
16087,0.999100809
17001,0.451867115
17003,0
17005,1.196358285
17007,0.373334926
17009,1.49727496
17011,2.097830843
17013,0
17015,0.686718857
17017,1.577287066
17019,0.572592844
17021,1.203615661
17023,3.157203475
17025,0.749670145
17027,0.796804284
17029,1.35309104
17031,0.19926566
17033,0
17035,3.680868685
17037,0.191757128
17039,1.24629228
17041,1.014661864
17043,0.161089325
17045,2.281047913
17047,4.613964934
17049,3.220178222
17051,4.145020449
17053,1.494075989
17055,0.76689469
17057,0.282302459
17059,1.94009002
17061,1.51276776
17063,1.385798339
17065,0
17067,0
17069,2.497253022
17071,2.906131938
17073,1.820034945
17075,2.843635588
17077,0.170944846
17079,0
17081,2.360804352
17083,0.452873938
17085,3.209625207
17087,1.588814744
17089,0.301875059
17091,1.621019946
17093,0.481806969
17095,1.17745873
17097,0.312933395
17099,1.81266144
17101,0
17103,0.868251515
17105,2.478164616
17107,2.054006682
17109,0
17111,0.325055048
17113,0.924342561
17115,0.939595298
17117,0.437449147
17119,0.790972369
17121,1.052266055
17123,0
17125,0
17127,1.387405136
17129,0
17131,0
17133,0.589122443
17135,1.033242867
17137,0.290275762
17139,0.680707391
17141,1.364990718
17143,0.325315746
17145,0.935646251
17147,1.21845719
17149,0.634872264
17151,0
17153,3.569898615
17155,1.742220983
17157,0.921194851
17159,1.890645088
17161,0.414066673
17163,0.682880786
17165,1.239946104
17167,0.505653714
17169,0
17171,0
17173,0.458068417
17175,3.637289492
17177,0.440074989
17179,0.298718795
17181,2.920867848
17183,0.765622528
17185,0
17187,1.732161622
17189,3.531322834
17191,1.2137248
17193,1.427164652
17195,0.177352762
17197,0.639350699
17199,1.783988701
17201,0.419516172
17203,0.515219587
18001,1.421577268
18003,0.486822526
18005,1.34434556
18007,2.306539038
18009,0.82432076
18011,1.866199702
18013,0.66512358
18015,1.498980693
18017,1.577320238
18019,0.605256741
18021,1.141752362
18023,1.238934764
18025,1.889109285
18027,1.515822152
18029,1.81924764
18031,1.884445784
18033,1.404560139
18035,0.346347934
18037,0.235542407
18039,1.178931318
18041,1.289634775
18043,0.650748491
18045,1.818269977
18047,0.438242822
18049,1.48481039
18051,2.6731297
18053,0.746674313
18055,0.928671814
18057,0.253109129
18059,0.947461885
18061,1.008283045
18063,0.435038227
18065,1.032260196
18067,1.578765842
18069,1.374487316
18071,2.276887768
18073,1.495358408
18075,2.383153961
18077,0.620736317
18079,2.162489458
18081,0.528052805
18083,0.80345378
18085,1.649361063
18087,2.053525133
18089,0.698419272
18091,2.261972621
18093,1.096399861
18095,0.695040807
18097,0.422770415
18099,2.575461008
18101,0.979547057
18103,2.505191313
18105,0.274999141
18107,1.307203213
18109,0.860543232
18111,4.995504046
18113,0.84334098
18115,0
18117,1.021982851
18119,0.478945553
18121,1.176069341
18123,0
18125,0.806568695
18127,0.71432143
18129,1.953460751
18131,1.578307738
18133,2.141384941
18135,2.394368445
18137,1.056553803
18139,1.797052833
18141,0.59386831
18143,0.421727395
18145,1.803288296
18147,2.433848011
18149,0.871679989
18151,2.904275093
18153,1.923539312
18155,1.878428131
18157,0.528282111
18159,1.971971709
18161,0
18163,0.441043995
18165,2.568779059
18167,0.929058919
18169,0.949060746
18171,2.423772359
18173,0.808125214
18175,1.078430668
18177,0.900346633
18179,1.074721826
18181,4.129603475
18183,0.594770775
19001,4.208399966
19003,2.684707904
19005,0
19007,1.59982082
19009,0
19011,3.121196042
19013,0.752865784
19015,0.379063561
19017,0.403463329
19019,1.421167821
19021,0.987410516
19023,0.678803676
19025,2.045115242
19027,1.474389848
19029,7.574150938
19031,2.719401297
19033,2.093743893
19035,1.745810056
19037,1.654232353
19039,3.218815047
19041,1.226632648
19043,0.565975799
19045,0.635560904
19047,0
19049,0.238220587
19051,3.381577168
19053,4.970673029
19055,1.738122827
19057,0.757353906
19059,0.586751159
19061,0.309864858
19063,0
19065,0.501725937
19067,1.891908936
19069,0.977058663
19071,0
19073,3.334222459
19075,0.811016853
19077,1.874695362
19079,1.325767619
19081,0.918762978
19083,1.165623434
19085,1.415187795
19087,0.502073564
19089,0
19091,2.089864159
19093,2.888920988
19095,1.850047485
19097,0.515469232
19099,0.541840959
19101,4.986867914
19103,0.136151673
19105,2.435128185
19107,1.961630507
19109,3.983640516
19111,1.738767562
19113,0
19115,1.782404107
19117,0
19119,2.549719531
19121,1.260430059
19123,2.250427581
19125,0.904300855
19127,1.242699143
19129,4.009462331
19131,0.940662979
19133,2.276141485
19135,1.272782812
19137,0
19139,0.698291513
19141,0
19143,3.274930408
19145,1.303509046
19147,2.209993591
19149,1.998816701
19151,1.450747135
19153,0.147754199
19155,0.642372152
19157,2.17282663
19159,4.018162093
19161,5.067088248
19163,0.464792546
19165,0
19167,1.724970675
19169,0.517180744
19171,4.672023921
19173,0
19175,0
19177,0
19179,0.851498638
19181,1.621119951
19183,2.261174725
19185,1.558652078
19187,0.543797446
19189,0
19191,0.490128806
19193,0.488169696
19195,0
19197,1.561499664
20001,3.949384686
20003,6.379178362
20005,0.611336626
20007,4.271131423
20009,1.868153218
20011,0.682081713
20013,6.204372014
20015,1.353627722
20017,22.73933146
20019,2.972298181
20021,0.491530922
20023,3.743635819
20025,9.757049468
20027,1.228259802
20029,1.105338786
20031,2.41056793
20033,0
20035,0.562606895
20037,0.512058989
20039,6.958458006
20041,0.526437701
20043,2.586585965
20045,0.25183081
20047,3.431237991
20049,0
20051,1.386145476
20053,9.55535737
20055,2.169197397
20057,2.613149368
20059,1.173901815
20061,0.85762803
20063,11.27734757
20065,0
20067,1.316829076
20069,4.9555651
20071,0
20073,6.512324574
20075,3.823506921
20077,3.525471532
20079,1.158205014
20081,7.416563659
20083,10.76658053
20085,4.504910352
20087,1.061447177
20089,3.427474637
20091,0.204913064
20093,5.093465084
20095,1.342966882
20097,15.89319771
20099,1.474215963
20101,12.52661907
20103,0.873857431
20105,0
20107,1.03755966
20109,3.571683692
20111,0.902516215
20113,1.745956365
20115,4.989522004
20117,0
20119,7.068136839
20121,0.905168512
20123,1.613111369
20125,3.032766004
20127,0
20129,3.515185602
20131,0.990982063
20133,4.328576022
20135,13.58880283
20137,1.824750921
20139,0
20141,2.781022304
20143,0
20145,2.980803625
20147,3.70892367
20149,0.425195377
20151,5.223350466
20153,0
20155,0.950793279
20157,0
20159,2.052376652
20161,0.26488312
20163,3.913741145
20165,0
20167,4.299226139
20169,1.091742785
20171,4.043671654
20173,0.449253321
20175,5.28076043
20177,0.28059873
20179,7.993605116
20181,3.351318744
20183,2.735379397
20185,0
20187,9.619084263
20189,7.049948888
20191,3.014123321
20193,7.670868598
20195,10.49391353
20197,1.451252431
20199,6.656017039
20201,3.6138918
20203,0
20205,3.417946498
20207,0
20209,0.365354193
21001,1.039836122
21003,2.887419513
21005,0
21007,3.707365299
21009,0.687430111
21011,2.4428376
21013,1.104972376
21015,0.695309289
21017,0
21019,0.831635411
21021,0
21023,0
21025,0.761939593
21027,0
21029,1.007049345
21031,0
21033,0
21035,0.774645342
21037,0.32418834
21039,2.072710691
21041,0.935278713
21043,1.098788403
21045,1.265022138
21047,0.972522083
21049,0.557998348
21051,0.485342652
21053,4.906771344
21055,0
21057,4.465215968
21059,1.101537747
21061,0
21063,0
21065,0
21067,0.596869764
21069,0
21071,0.270725382
21073,0.795608243
21075,1.615717702
21077,3.451926175
21079,1.15568191
21081,0.803128991
21083,1.072058406
21085,1.528164064
21087,0
21089,0.83808715
21091,1.147815707
21093,1.388480059
21095,1.845004834
21097,1.071111064
21099,3.221614888
21101,1.302643063
21103,3.165478557
21105,2.188471134
21107,0.876712329
21109,0
21111,0.574103147
21113,0.572704885
21115,1.31308268
21117,0.363652673
21119,1.291389018
21121,0.954077089
21123,2.12077083
21125,1.495657607
21127,2.534308197
21129,0
21131,0.954818012
21133,1.765521138
21135,2.217622708
21137,0.817929004
21139,2.159407459
21141,1.117551519
21143,3.609673926
21145,0.919565597
21147,0
21149,1.072662133
21151,0.669491923
21153,0.79021399
21155,1.041362936
21157,2.566537484
21159,0.839757478
21161,0.583962066
21163,0.353541782
21165,1.561134008
21167,0.465610042
21169,4.989522004
21171,0
21173,2.164049369
21175,0.752196414
21177,0.965046033
21179,1.101938089
21181,1.40658846
21183,2.078017073
21185,0.91741997
21187,0.930474914
21189,2.242655304
21191,2.061912355
21193,1.111786418
21195,0.991604416
21197,3.251556683
21199,0.62375444
21201,0
21203,1.780817039
21205,0.81749438
21207,0.563354891
21209,0.747526621
21211,1.289257903
21213,2.219879017
21215,1.088601256
21217,1.176978304
21219,0
21221,0.697087568
21223,0
21225,0
21227,1.108017456
21229,0
21231,1.456126897
21233,0.762392693
21235,1.664585934
21237,2.767859614
21239,0.766636001
22001,1.278343267
22003,1.170275015
22005,1.15464108
22007,0.44034241
22009,0.244752506
22011,1.902597861
22013,2.925730335
22015,0.475946459
22017,0.765169485
22019,1.048709039
22021,0
22023,0
22025,0
22027,1.859726992
22029,0.998911187
22031,1.102576353
22033,0.584564704
22035,1.386501026
22037,3.593576738
22039,0.297074411
22041,1.476261712
22043,1.791007352
22045,0.825697921
22047,2.124688885
22049,1.255634661
22051,0.275756204
22053,3.178983107
22055,0.499512559
22057,1.324341395
22059,3.348333869
22061,1.267491381
22063,0.7256715
22065,5.226754012
22067,0.385130867
22069,0.769981007
22071,0.513341225
22073,0.448402342
22075,0
22077,2.25909058
22079,0.684508508
22081,1.158963423
22083,1.953372987
22085,2.496214075
22087,0.656377583
22089,0.948979088
22091,2.891622007
22093,1.869857891
22095,1.151622636
22097,1.197851533
22099,1.489835597
22101,0.57967206
22103,0.753614773
22105,1.149363636
22107,2.143622722
22109,0.266292201
22111,2.227886004
22113,0.334059356
22115,0.788587561
22117,1.721903909
22119,2.01864216
22121,5.029752923
22123,0
22125,1.299511384
22127,2.069507871
23001,0.46547047
23003,0.439228364
23005,0.51559893
23007,1.66762277
23009,0.550466796
23011,0.329111383
23013,0.754094734
23015,1.173578063
23017,0.870785832
23019,0.1973879
23021,0.592171493
23023,0.849964301
23025,0.592066311
23027,0.761371077
23029,1.581888015
23031,0.394179545
24001,0.277910557
24003,0.299687796
24005,0.374603072
24009,0.329258576
24011,2.737742518
24013,0.597105472
24015,1.464551984
24017,0.317161481
24019,0.310073674
24021,0.967004205
24023,1.362332859
24025,0.637459342
24027,0.41256901
24029,1.020054267
24031,0.105940835
24033,0.474225513
24035,1.622303428
24037,0.537774153
24039,1.944027559
24041,1.074275401
24043,1.068742878
24045,0.587723629
24047,0.774827407
24510,0.243881897
25001,0.187129775
25003,0.550284182
25005,0.196776022
25007,0
25009,0.153806677
25011,0.706210699
25013,0.234798003
25015,0.248370997
25017,0.156887315
25019,0
25021,0.143363051
25023,0.234208127
25025,0.177091898
25027,0.365073114
26001,0
26003,0
26005,0.781275771
26007,0.698914586
26009,0.863155351
26011,0
26013,0
26015,0.332840729
26017,0.477608747
26019,1.13918571
26021,0.581965284
26023,0.918362193
26025,0.744375499
26027,1.16553739
26029,0
26031,0.78462142
26033,0.264480296
26035,0
26037,0.513736017
26039,0
26041,1.105436537
26043,0
26045,0.366535997
26047,0.60577424
26049,0.366493323
26051,0.395416334
26053,0
26055,0.654067866
26057,0.243505703
26059,1.309426122
26061,1.104136648
26063,0.316848749
26065,0.207446356
26067,0.467238775
26069,0.791834602
26071,0.892219843
26073,0.282754253
26075,0.503720606
26077,0.420615031
26079,2.292053451
26081,0.388804423
26083,0
26085,0
26087,0.34030891
26089,0.92511217
26091,0.914271783
26093,0.477552892
26095,1.568578241
26097,1.848736389
26099,0.138231999
26101,0.409359598
26103,0.448426472
26105,1.039068994
26107,0.231477195
26109,1.291856139
26111,0.359614781
26113,2.000026667
26115,1.270084039
26117,0.949418165
26119,0
26121,0.34675186
26123,0.623355899
26125,0.17596644
26127,0.757805396
26129,0.478707108
26131,3.349186148
26133,0
26135,0
26137,2.051029617
26139,0.352404527
26141,0
26143,0
26145,0.57064834
26147,0.501775029
26149,1.643488007
26151,0.966351636
26153,1.241249193
26155,0.438099466
26157,0.93853356
26159,1.062877155
26161,0.410414458
26163,0.36894785
26165,1.812677869
27001,0.631839664
27003,0.316780679
27005,0.296048931
27007,0.216956448
27009,1.256969898
27011,0
27013,1.055418519
27015,1.189711376
27017,0.844309355
27019,0.099599411
27021,0.344544822
27023,2.499291867
27025,0.182619049
27027,0.954669128
27029,1.134327004
27031,0
27033,3.520878811
27035,0.626695996
27037,0.287085598
27039,0.972791035
27041,0.268817204
27043,1.439739695
27045,1.436093825
27047,1.963672067
27049,0.649609368
27051,38.8185654
27053,0.016195845
27055,0.535687501
27057,3.357732859
27059,0
27061,0.44266983
27063,0
27065,0.624406814
27067,1.405218043
27069,0
27071,0.791251919
27073,1.476145489
27075,0.947687642
27077,2.631301968
27079,0.356788617
27081,1.753709095
27083,1.162007019
27085,0.279265643
27087,3.639142618
27089,1.065144221
27091,1.502674761
27093,2.16587107
27095,1.555076937
27097,0.303488294
27099,0.504055123
27101,3.59522554
27103,0.592182013
27105,2.299083126
27107,6.096817461
27109,0.130582909
27111,0.862928919
27113,0.705168888
27115,2.403532506
27117,0
27119,0
27121,0
27123,0.036972855
27125,0
27127,3.260897921
27129,3.394617495
27131,0.75999392
27133,5.310900091
27135,1.939964563
27137,0.399849257
27139,0.348906179
27141,0.107304197
27143,1.341777587
27145,0.636815312
27147,0.818549421
27149,0
27151,2.127025992
27153,1.227948099
27155,0
27157,1.395115237
27159,2.200187749
27161,1.595557967
27163,0.276515463
27165,0.910034035
27167,0
27169,0.393391031
27171,0.602760947
27173,3.040006485
28001,0
28003,0.807532665
28005,5.612032197
28007,1.077226358
28009,7.282437189
28011,0.923474728
28013,0
28015,1.974801532
28017,2.897979529
28019,0
28021,1.095866392
28023,2.513067953
28025,0.504897506
28027,2.100963922
28029,4.880871863
28031,6.28884673
28033,0.624511036
28035,1.989147213
28037,6.455777921
28039,2.111397323
28041,1.449695564
28043,1.881821603
28045,1.072248075
28047,0.246848242
28049,0.745381122
28051,1.108807256
28053,3.514938489
28055,0
28057,2.557195949
28059,1.127246391
28061,4.2333418
28063,1.361878303
28065,0.871353386
28067,1.607914447
28069,0
28071,0.939976839
28073,0.489147449
28075,1.034829783
28077,0.791101688
28079,0.874454559
28081,0.94187013
28083,1.00918357
28085,1.45196887
28087,1.683745458
28089,0.869770265
28091,2.379970171
28093,3.91334731
28095,0.279066133
28097,2.945218928
28099,2.040816327
28101,0.930345065
28103,1.846756173
28105,0.202402928
28107,1.168176535
28109,1.995066744
28111,3.327122704
28113,1.512706737
28115,1.595405233
28117,1.185274154
28119,0
28121,0.925263799
28123,3.519119376
28125,0
28127,1.478251229
28129,2.489419965
28131,1.097297357
28133,1.502313563
28135,0
28137,1.056732442
28139,1.363078741
28141,2.056534123
28143,1.968310206
28145,1.762089697
28147,1.370989855
28149,1.488380005
28151,1.274518551
28153,2.937173851
28155,0
28157,5.563963322
28159,1.634182745
28161,4.029983074
28163,2.128640863
29001,0.787259
29003,2.296659509
29005,11.38131189
29007,0.777308801
29009,0.282194116
29011,0
29013,3.055300947
29015,1.052953007
29017,0.814265939
29019,0.965260831
29021,0.562382884
29023,0.936101698
29025,2.21371173
29027,1.114394861
29029,1.108244452
29031,0.766305056
29033,1.13163136
29035,3.221857078
29037,0.877133139
29039,2.153687112
29041,0
29043,0.355857534
29045,2.942388042
29047,0.501823711
29049,0.488395718
29051,0.130371637
29053,1.701587013
29055,0.411576833
29057,2.6367136
29059,1.211519124
29061,2.408419836
29063,3.992207212
29065,1.285528802
29067,0.747775368
29069,1.31312866
29071,1.654015073
29073,2.715362161
29075,1.502990952
29077,0.659293224
29079,1.988466892
29081,4.680223715
29083,0.918265213
29085,0
29087,2.243661656
29089,0
29091,0.997386846
29093,0
29095,0.520068429
29097,1.090582069
29099,0.492532315
29101,1.676858238
29103,5.058680696
29105,1.972242101
29107,0.920821618
29109,4.197976575
29111,0
29113,1.080921377
29115,3.280517009
29117,0
29119,2.195042716
29121,1.310169536
29123,0.819658694
29125,0
29127,0.697948729
29129,2.734332276
29131,1.597188947
29133,2.17814306
29135,3.128676195
29137,1.156363468
29139,4.340051733
29141,1.488036189
29143,5.058965048
29145,1.031665245
29147,0.88742956
29149,0.93405567
29151,1.468450344
29153,0
29155,2.938652687
29157,2.605849611
29159,1.890046542
29161,3.579402329
29163,1.081408426
29165,1.012453174
29167,0.317037601
29169,0.570192611
29171,4.157312713
29173,2.933411558
29175,0.400988035
29177,0.437475939
29179,1.583230423
29181,1.460280374
29183,0.333457653
29185,1.06643916
29186,2.240043009
29187,0
29189,0.300545791
29195,2.164146158
29197,0
29199,4.090146836
29201,0.774185557
29203,1.213238862
29205,0
29207,0.338645553
29209,0.317327342
29211,3.162955466
29213,1.462774224
29215,1.559089492
29217,1.93436693
29219,1.177877112
29221,2.005599634
29223,0.750942433
29225,1.048635725
29227,0
29229,0.549897719
29510,0.609875881
30001,2.129607939
30003,3.733516525
30005,1.486988848
30007,5.147386843
30009,0.948820616
30011,0
30013,0.489216446
30015,5.185825411
30017,0
30019,5.728032993
30021,0
30023,1.098828649
30025,0
30027,1.773584236
30029,0.713912731
30031,0.764252838
30033,7.817385866
30035,2.186238358
30037,0
30039,6.126700159
30041,0.608279906
30043,1.698715771
30045,0
30047,0.671943664
30049,0.298245719
30051,0
30053,0
30055,0
30057,3.682156271
30059,5.416531253
30061,4.749916876
30063,0.258733997
30065,0
30067,0.616743348
30069,0
30071,0
30073,0
30075,5.70711106
30077,0
30079,0
30081,0
30083,0.88147665
30085,0.890376807
30087,5.41770506
30089,1.735900151
30091,2.809146581
30093,0.28787085
30095,0
30097,0
30099,1.649511745
30101,0
30103,0
30105,0
30107,0
30109,0
30111,0.570329917
31001,0.633067656
31003,3.141887646
31005,0
31007,0
31009,20.86811352
31011,1.882459245
31013,0.903065003
31015,0
31017,3.355029189
31019,1.226572466
31021,1.531956615
31023,1.240387001
31025,2.332887493
31027,2.345655845
31029,5.070222583
31031,3.454231434
31033,1.015785304
31035,3.212541763
31037,2.802376415
31039,1.112817431
31041,1.847711609
31043,0.986310017
31045,1.124100719
31047,2.519780275
31049,10.6621175
31051,1.741128948
31053,2.181358114
31055,0.4504886
31057,0
31059,1.793721973
31061,0
31063,3.781862189
31065,0
31067,0.462907243
31069,0
31071,0
31073,4.961301846
31075,15.417823
31077,0
31079,0.816803944
31081,2.180787264
31083,5.827166249
31085,0
31087,3.522863383
31089,1.95407914
31091,0
31093,1.562744179
31095,1.389815433
31097,1.926114257
31099,0
31101,6.175736765
31103,0
31105,5.477351153
31107,0
31109,0.322721602
31111,3.106484645
31113,12.91989664
31115,16.45278052
31117,0
31119,0.855275912
31121,3.843886938
31123,10.33912324
31125,0
31127,1.427674033
31129,0
31131,1.886531423
31133,0
31135,0
31137,2.191636714
31139,8.385509839
31141,0.605539475
31143,0
31145,0.925651659
31147,1.248501798
31149,0
31151,0.700064406
31153,0.280640624
31155,1.427117128
31157,1.379789941
31159,4.673716189
31161,1.911461121
31163,3.289473684
31165,0
31167,3.337783712
31169,3.922337713
31171,0
31173,1.402799989
31175,0
31177,0.495024999
31179,2.142336861
31181,0
31183,0
31185,5.075111652
32001,2.911571417
32003,0.294490641
32005,0.836365157
32007,1.913985492
32009,36.14457831
32011,10.1061142
32013,2.957704821
32015,3.490401396
32017,3.858769053
32019,0.752657823
32021,4.491354143
32023,0.916527278
32027,1.512859304
32029,2.54841998
32031,0.222275074
32033,3.07062436
32510,0
33001,0.659154503
33003,1.463118952
33005,0.262775487
33007,1.250625313
33009,0.556883413
33011,0.267584302
33013,0.535939428
33015,0.262573151
33017,0.311755197
33019,0.695984633
34001,0.335962551
34003,0.323056546
34005,0.627429328
34007,0.335235235
34009,0.427079396
34011,0.522185031
34013,0.201675266
34015,0.652979304
34017,0.299573677
34019,0.559479907
34021,0.407367817
34023,0.326979595
34025,0.176564385
34027,0.404875019
34029,0.270330821
34031,0.079336493
34033,1.262279614
34035,0.363728067
34037,0.351360468
34039,0.343973583
34041,0.753260204
35001,0.324855107
35003,0
35005,1.223563384
35006,5.187682958
35007,1.623271216
35009,0.398701827
35011,10.92537966
35013,0.418183744
35015,4.35716178
35017,1.06974754
35019,27.39100662
35021,14.56452083
35023,20.60628263
35025,5.706475994
35027,2.054822669
35028,0.54609596
35029,1.238298083
35031,2.062592817
35033,2.195678904
35035,0.760963197
35037,8.365000837
35039,0.762935573
35041,3.138469264
35043,0.284174466
35045,1.568135487
35047,1.072133116
35049,0.336071193
35051,1.797591228
35053,0.588858792
35055,3.350165376
35057,0
35059,0
35061,0.395422588
36001,0.455585906
36003,0.638295156
36005,0.201722965
36007,0.257016023
36009,0.644059326
36011,0.642158474
36013,0.463442139
36015,0.700612101
36017,0.620717052
36019,0.742774659
36021,0.821465889
36023,0.831663077
36025,1.099384345
36027,0.238147242
36029,0.206529462
36031,0.264923119
36033,0.197269008
36035,0.18602713
36037,2.065511128
36039,0.630524975
36041,2.187417972
36043,0.640311447
36045,0.349439586
36047,0.169341753
36049,1.496401155
36051,0.782166601
36053,0.13994156
36055,0.188055822
36057,1.214727354
36059,0.235976924
36061,0.232787879
36063,0.283520378
36065,0.476717962
36067,0.301579198
36069,0.456946501
36071,0.476107094
36073,0.485366209
36075,0.672085919
36077,0.497816246
36079,0.504995415
36081,0.108867786
36083,0.439213482
36085,0.084379036
36087,0.154565239
36089,0.182395214
36091,0.527630701
36093,0.064598398
36095,0.318721036
36097,1.111518668
36099,0.578653473
36101,0.72180724
36103,0.24199774
36105,0.798337329
36107,0.408074988
36109,0.485982326
36111,0.334764265
36113,0.930798253
36115,0.808148725
36117,0.660096506
36119,0.144509088
36121,1.479282647
36123,0.798154666
37001,0.498446094
37003,0.538926674
37005,0.912541977
37007,0.793455578
37009,0.373474357
37011,0
37013,1.270185362
37015,2.544011397
37017,2.667836562
37019,0.630359037
37021,0.471578365
37023,0.780118132
37025,0.347118913
37027,0.366828887
37029,0.958497077
37031,0.435403532
37033,0.880088009
37035,0.574273321
37037,0.429934937
37039,0.723003066
37041,1.40755859
37043,7.398364961
37045,1.647880825
37047,1.419869656
37049,1.360888077
37051,0.090298454
37053,0
37055,0.838002872
37057,0.850880722
37059,1.192184989
37061,1.184336974
37063,0.35879986
37065,1.125146269
37067,0.565087293
37069,0.615735111
37071,0.923896775
37073,0.864902266
37075,1.170275015
37077,2.209441453
37079,1.427089973
37081,0.61199487
37083,1.352526326
37085,0.766725347
37087,0.496560491
37089,0.616844435
37091,2.066713512
37093,0.939358756
37095,1.870837387
37097,0.579788795
37099,0.236215637
37101,0.837062622
37103,1.033015165
37105,1.333204457
37107,1.223399793
37109,0.857988238
37111,1.331038032
37113,0.581290581
37115,0.935208739
37117,0.433869596
37119,0.464697588
37121,0
37123,1.466619735
37125,0.627081125
37127,0.95734089
37129,0.267575711
37131,2.477700694
37133,0.206349157
37135,0.488809748
37137,2.356674889
37139,3.042889528
37141,0
37143,0
37145,0.763949722
37147,0.338448417
37149,0.976305076
37151,0.629901861
37153,1.549172963
37155,1.648473514
37157,0.986489479
37159,0.931938389
37161,0.300728364
37163,1.576352195
37165,0.851252192
37167,1.308254102
37169,0
37171,1.248062037
37173,0
37175,0.298610862
37177,0
37179,0.75015643
37181,0.449686793
37183,0.258056081
37185,2.496405177
37187,0.826364328
37189,0.738435182
37191,1.130001873
37193,0.730257489
37195,0.492147782
37197,0.797079501
37199,0.566431031
38001,0
38003,0
38005,0
38007,10.73883162
38009,0
38011,3.13401028
38013,9.046499005
38015,0
38017,0.402529264
38019,2.617526961
38021,0
38023,0
38025,13.68176221
38027,0
38029,5.979788315
38031,0
38033,0
38035,1.422746299
38037,0
38039,0
38041,0
38043,4.066363045
38045,9.746113737
38047,0
38049,5.064145847
38051,0
38053,27.94321938
38055,1.041124414
38057,0
38059,0.327323671
38061,7.872311114
38063,0
38065,0
38067,1.428489801
38069,2.378800133
38071,1.723781287
38073,0
38075,0
38077,1.841937227
38079,0
38081,0
38083,0
38085,0
38087,12.92323598
38089,2.269352716
38091,0
38093,2.375477471
38095,0
38097,1.248501798
38099,3.702263934
38101,1.448058154
38103,0
38105,5.863176904
39001,1.795383709
39003,0.675188185
39005,1.309101246
39007,0.712922432
39009,0.607823294
39011,1.311613022
39013,1.313941503
39015,0.686935854
39017,0.502457015
39019,2.175899735
39021,0.257177833
39023,0.44388088
39025,0.147579693
39027,0.715580574
39029,0.288635275
39031,0.546875427
39033,1.190362823
39035,0.239410743
39037,1.159926847
39039,1.045828191
39041,0.709985232
39043,1.06541374
39045,0.326767058
39047,3.141953457
39049,0.290268657
39051,3.072675875
39053,0.331114864
39055,1.064862931
39057,0.24147386
39059,0.763864134
39061,0.221779157
39063,1.188329025
39065,2.221587483
39067,2.613183511
39069,4.391422089
39071,0.232542997
39073,0.702104206
39075,0.455931902
39077,1.540879534
39079,1.2300123
39081,0.299036802
39083,0.490066355
39085,0.086995935
39087,0
39089,1.102987703
39091,1.104332961
39093,0.521859045
39095,0.462588609
39097,2.273491993
39099,0.86616608
39101,1.069708306
39103,0.677192495
39105,2.159677949
39107,1.960995794
39109,0.763758148
39111,0.710116317
39113,0.39486302
39115,1.361971044
39117,3.145985151
39119,1.045670228
39121,1.38529098
39123,0.245655581
39125,2.649820872
39127,1.667574568
39129,0
39131,2.492682197
39133,0.923016714
39135,1.455773598
39137,0.58860577
39139,0.494767014
39141,0.90868731
39143,2.529920527
39145,0.39230045
39147,1.081544879
39149,1.638337088
39151,0.589193442
39153,0.258483521
39155,0.495620696
39157,0.757021919
39159,1.437184269
39161,1.768459177
39163,0.76288125
39165,0.441569727
39167,0.659239238
39169,0.947137664
39171,2.437901238
39173,1.69421564
39175,2.262218241
40001,1.347817883
40003,5.110384301
40005,7.216985898
40007,9.223730815
40009,4.421804804
40011,13.4877158
40013,3.933996285
40015,4.084772648
40017,1.463503158
40019,2.891761372
40021,0.41168358
40023,1.34276852
40025,13.60544218
40027,0.361773035
40029,1.777019583
40031,0.489524182
40033,1.680502806
40035,3.450893781
40037,1.824966098
40039,2.051071685
40041,0.948235807
40043,10.12760786
40045,2.458814851
40047,1.124584707
40049,4.673468361
40051,4.937874227
40053,4.519569737
40055,5.047955578
40057,7.301401869
40059,7.891829326
40061,3.142973882
40063,2.230052183
40065,0.789839505
40067,0
40069,3.614610255
40071,0.893156191
40073,8.311276484
40075,0
40077,0
40079,1.796507589
40081,2.010050251
40083,1.521170345
40085,3.011806281
40087,3.367753501
40089,2.115557812
40091,0.505091321
40093,9.063131182
40095,2.446273714
40097,2.682403433
40099,4.321521175
40101,1.592324417
40103,6.130778259
40105,2.882453544
40107,2.478929103
40109,0.627316109
40111,1.286279514
40113,1.056358858
40115,3.47947112
40117,1.218917601
40119,1.226052137
40121,2.703652635
40123,3.389353259
40125,1.806996133
40127,1.796654629
40129,5.401901469
40131,1.322535565
40133,3.592670951
40135,1.197157469
40137,0.910514623
40139,2.836021251
40141,2.66780493
40143,0.31138495
40145,0.385452508
40147,0.769520819
40149,0.880731359
40151,3.284287966
40153,1.905451497
41001,3.750703257
41003,0.444742916
41005,0.271268967
41007,0.259422215
41009,0.787358177
41011,0.474228825
41013,1.34400172
41015,0.889157612
41017,0.719764626
41019,1.662713104
41021,10.62699256
41023,2.782724844
41025,4.158580538
41027,0
41029,0.60684427
41031,1.730373242
41033,0.468227268
41035,1.055345324
41037,2.554996295
41039,0.5698284
41041,0.418207063
41043,1.139076339
41045,1.975855051
41047,0.656787782
41049,2.678332292
41051,0.263249801
41053,0.61461304
41055,23.4082397
41057,1.535744452
41059,1.560959366
41061,1.14955742
41063,0
41065,1.160676287
41067,0.206318149
41069,7.46937556
41071,0.675867476
42001,0.582173837
42003,0.303956112
42005,1.377157547
42007,0.364559915
42009,1.871335302
42011,0.66582804
42013,0.40815327
42015,0.986939501
42017,0.33449504
42019,0.692823415
42021,0.456450791
42023,0
42025,0.934943514
42027,0.799503078
42029,0.440540447
42031,2.068680182
42033,1.382395818
42035,1.292123217
42037,0.613355823
42039,0.822465045
42041,1.114955939
42043,0.830732779
42045,0.212302581
42047,0.996346729
42049,0.25778511
42051,0.690591837
42053,1.372872048
42055,0.905685766
42057,4.13080895
42059,2.72769428
42061,0.440577156
42063,1.184258832
42065,1.375705049
42067,0.809126952
42069,0.475581279
42071,0.533118615
42073,0.580531302
42075,1.273533844
42077,0.814422886
42079,0.534828336
42081,0.614757698
42083,1.709401709
42085,0.905214943
42087,0.432797386
42089,0.649757227
42091,0.253953205
42093,2.192982456
42095,0.722344072
42097,0.878348704
42099,1.516661611
42101,0.094721368
42103,0.717102904
42105,0.601576129
42107,0.846172831
42109,0.987215559
42111,1.489062162
42113,3.291639236
42115,2.465483235
42117,2.211845662
42119,0.888553213
42121,0.585926056
42123,1.011352431
42125,0.821184631
42127,0.778285825
42129,0.599214173
42131,1.107542363
42133,0.558226359
44001,0
44003,0
44005,0
44007,0.172697201
44009,0.237912084
45001,0.405179819
45003,0.598910701
45005,3.251398101
45007,1.020873807
45009,2.055667475
45011,0
45013,0.218963798
45015,0.908561422
45017,6.113548983
45019,0.5825106
45021,1.058096555
45023,3.709405197
45025,2.171477213
45027,3.230429471
45029,2.929006215
45031,1.933568535
45033,0.648239382
45035,0.643139757
45037,0.746112753
45039,0.881049506
45041,0.865974561
45043,1.299106215
45045,0.601694613
45047,0.854912756
45049,1.514768998
45051,0.654393159
45053,5.003609747
45055,1.086308785
45057,1.006803756
45059,1.650660264
45061,3.396200783
45063,0.944014355
45065,1.041775185
45067,1.900743191
45069,2.211019722
45071,1.577369998
45073,1.173978378
45075,2.034767392
45077,0.570212738
45079,0.465376252
45081,1.48348877
45083,0.959449686
45085,0.654537158
45087,0.362171872
45089,3.144931
45091,0.464087372
46003,3.621876132
46005,2.737176329
46007,2.907314804
46009,1.440009216
46011,0.87628595
46013,0.515490489
46015,0
46017,0
46019,0
46021,0
46023,0
46025,2.726281352
46027,1.436802253
46029,0.713918556
46031,0
46033,1.161359255
46035,0
46037,1.817586972
46039,2.319217032
46041,0
46043,0
46045,5.08001016
46047,1.476276241
46049,0
46051,4.166319473
46053,2.38424491
46055,0
46057,1.671402307
46059,3.042102701
46061,14.73709031
46063,23.89295954
46065,0
46067,4.112518506
46069,0
46071,6.106870229
46073,4.942665085
46075,21.486893
46077,0
46079,0
46081,1.187836554
46083,0.36420187
46085,5.176251359
46087,1.80498899
46089,0
46091,2.062025734
46093,0.73006023
46095,0
46097,0
46099,0.161106869
46101,4.63077303
46103,0
46105,0.36552246
46107,0
46109,0
46111,2.922723199
46113,4.207337597
46115,0
46117,0
46119,0
46121,0.985279918
46123,0
46125,1.210448592
46127,0.658761528
46129,3.656039778
46135,0.440730555
46137,3.556693698
47001,0.396317942
47003,0.840343196
47005,2.477148307
47007,0
47009,0.311334926
47011,0.955281369
47013,1.256060492
47015,0.716486351
47017,1.427796339
47019,0.708968451
47021,0.750577945
47023,0.582832098
47025,0.947741532
47027,3.918802414
47029,1.412237889
47031,1.464949258
47033,1.380872159
47035,2.214786597
47037,0.410207366
47039,2.566252074
47041,0
47043,1.7313086
47045,0.799032638
47047,1.508963242
47049,1.10631707
47051,0.722171135
47053,0.608664954
47055,1.714889355
47057,0.86920242
47059,1.600866214
47061,0
47063,0.313740254
47065,0.363631888
47067,1.51823399
47069,0.780311188
47071,2.718953436
47073,1.41468228
47075,4.492009838
47077,4.29000429
47079,0.929828911
47081,1.621402513
47083,1.22434987
47085,0.54501259
47087,0.859874802
47089,0.938759111
47091,1.124694927
47093,0.503698461
47095,1.327280932
47097,0.379737222
47099,0.929752546
47101,0
47103,1.481946923
47105,1.161813513
47107,1.514325519
47109,1.543698238
47111,1.276280748
47113,1.024013107
47115,3.868091062
47117,0.927425837
47119,0.779727096
47121,4.180671918
47123,1.527263841
47125,0.611676912
47127,3.155868337
47129,0
47131,0.327686208
47133,2.726083164
47135,0
47137,3.933446092
47139,2.383108527
47141,1.047342499
47143,1.533253195
47145,0.755161529
47147,1.725958123
47149,0.683754895
47151,0.911037216
47153,1.357091482
47155,0.207576975
47157,0.683438825
47159,2.56037361
47161,0
47163,0.382991109
47165,0.278342814
47167,0.325485869
47169,1.044539149
47171,0.561009818
47173,2.073462787
47175,3.493815946
47177,1.483562132
47179,0.629531644
47181,0
47183,0.594456102
47185,0.75233789
47187,0.502802898
47189,1.129735853
48001,1.383398526
48003,7.310599244
48005,1.828738628
48007,0
48009,3.419115133
48011,10.63490375
48013,2.047476894
48015,2.030388143
48017,1.409800936
48019,0.919311987
48021,2.307937117
48023,5.573825316
48025,1.224522283
48027,0.614001695
48029,0.431452895
48031,6.220673966
48033,15.17911354
48035,0.552406837
48037,1.499288909
48039,0.5943311
48041,0.639462121
48043,1.084575172
48045,0
48047,6.975641061
48049,1.323010325
48051,3.36194724
48053,1.532070615
48055,1.93462889
48057,0.459292873
48059,6.536802196
48061,0.213860946
48063,1.563599406
48065,11.60592897
48067,3.324622822
48069,7.73933906
48071,4.726767936
48073,0.96475555
48075,5.532044367
48077,1.926077159
48079,3.441866869
48081,12.23765527
48083,2.386065378
48085,0.317807114
48087,0
48089,7.120884129
48091,1.332910751
48093,7.409273447
48095,2.826295857
48097,2.781809997
48099,1.194854161
48101,0
48103,12.44245365
48105,24.80568877
48107,3.416817576
48109,40.25044723
48111,6.859275112
48113,0.437366352
48115,3.087372646
48117,2.652294765
48119,3.837887627
48121,0.346956412
48123,3.429388883
48125,9.074410163
48127,9.424537726
48129,5.911563017
48131,7.055544776
48133,6.574477877
48135,3.159517731
48137,141.2281619
48139,1.660264765
48141,0.191623376
48143,2.173671524
48145,0
48147,2.342427809
48149,1.997730578
48151,5.175179837
48153,0
48155,0
48157,0.310866935
48159,3.743986222
48161,5.07459657
48163,3.571829491
48165,2.959426266
48167,0.336257346
48169,11.02258054
48171,3.440893103
48173,65.91475026
48175,5.309123729
48177,8.723719794
48179,3.081121528
48181,1.089567084
48183,1.622281057
48185,2.897794778
48187,1.161596085
48189,1.175246949
48191,0
48193,3.626604773
48195,1.801022981
48197,0
48199,2.307140778
48201,0.352544591
48203,2.553096907
48205,22.55065223
48207,1.737257218
48209,0.881062444
48211,4.921986514
48213,1.36838046
48215,0.247817261
48217,3.681363804
48219,1.295739608
48221,0.881032429
48223,2.76194264
48225,4.362621063
48227,4.680075542
48229,36.59786268
48231,2.061381429
48233,0.92852235
48235,38.925652
48237,3.393281303
48239,4.051644968
48241,1.127236861
48243,76.23318386
48245,0
48247,3.804451208
48249,2.428552
48251,0.918021871
48253,2.513067953
48255,11.03423208
48257,1.263183424
48259,1.668446343
48261,22.95684114
48263,0
48265,1.556686748
48267,18.18925924
48269,35.66333809
48271,5.499945001
48273,1.281377737
48275,2.679384813
48277,1.413518895
48279,1.510437121
48281,2.427490848
48283,23.8492726
48285,3.008091767
48287,4.724223456
48289,5.851169649
48291,3.306108955
48293,0.853409799
48295,2.888170055
48297,12.3870712
48299,0.969875662
48301,577.5577558
48303,0.530537753
48305,10.34518432
48307,6.179858605
48309,0.805159462
48311,50.9035378
48313,8.501834979
48315,2.977253781
48317,28.63688431
48319,0
48321,0.816535386
48323,1.209971548
48325,2.028142505
48327,0
48329,4.08175201
48331,5.68324822
48333,6.136224177
48335,10.43115438
48337,3.093102382
48339,0.55966781
48341,3.702366738
48343,3.221493807
48345,0
48347,1.683352258
48349,1.853575754
48351,0.711551324
48353,8.674300051
48355,0.471681361
48357,4.851354498
48359,28.76594113
48361,1.784894084
48363,3.179088661
48365,5.119934465
48367,1.465314464
48369,7.152052639
48371,11.3805923
48373,2.510176675
48375,1.243748093
48377,1.413907191
48379,4.360718646
48381,0.680633261
48383,15.98635831
48385,2.952116668
48387,4.079900777
48389,27.41299637
48391,9.684560044
48393,43.73496611
48395,4.14977117
48397,1.068319
48399,1.944882043
48401,3.550300281
48403,3.828337353
48405,4.799155349
48407,0.359479474
48409,1.641962593
48411,0
48413,3.271180896
48415,3.482055806
48417,3.02462041
48419,5.90188703
48421,6.518904824
48423,1.423314062
48425,1.143301397
48427,0.156876526
48429,0
48431,22.71694684
48433,7.23065799
48435,12.94397846
48437,1.339836004
48439,0.40624407
48441,1.100828557
48443,11.85114956
48445,3.96215351
48447,12.94833614
48449,2.761532466
48451,0.766548505
48453,0.424128275
48455,2.061997388
48457,1.862422826
48459,2.455602703
48461,19.31673933
48463,1.853471924
48465,1.43053915
48467,1.840217587
48469,1.523385049
48471,2.230220039
48473,1.59565344
48475,15.55344336
48477,2.007617474
48479,0.699330557
48481,2.169479759
48483,10.97694841
48485,0.531593352
48487,3.883012596
48489,0.921514601
48491,0.493287121
48493,1.867669398
48495,20.43735949
48497,3.094356204
48499,1.141271102
48501,5.835531383
48503,1.105668764
48505,0
48507,2.475247525
09001,3.095112817
49003,1.132143828
49005,0.491458452
49007,2.457847908
49009,0
49011,0.05875199
49013,2.475247525
49015,2.929001015
49017,8.017317406
49019,0
49021,0.201394455
49023,2.732290206
49025,4.08719346
49027,3.143616102
49029,1.760718373
49031,0
49033,4.260032376
49035,0.214370008
49037,2.622572481
49039,0.682095671
49041,1.421625771
49043,1.481591229
49045,1.379657109
49047,0.2753213
49049,0.423460957
49051,2.298639206
49053,0.373794978
49055,3.723285427
49057,0.282844739
50001,1.083629074
50003,0.278666414
50005,0.32884136
50007,0.185321774
50009,3.226951499
50011,0.204130791
50013,2.869852203
50015,1.187122099
50017,0.345968088
50019,0.371763796
50021,1.012463425
50023,0.684228532
50025,0.46392733
50027,0.902393509
51001,1.829022936
51003,0.564519923
51005,1.306660046
51007,0.777181938
51009,2.19534837
51011,0.641255835
51013,0
51015,0.802742167
51017,4.561419514
51019,0.641163738
51021,1.550676095
51023,1.502611539
51025,0
51027,1.350268703
51029,2.938410907
51031,0.723301146
51033,1.325179065
51035,3.357439751
51036,1.425151066
51037,1.653056501
51041,0.353555948
51043,2.088758303
51045,1.953430223
51047,1.388134229
51049,0
51051,0
51053,1.408718559
51057,0.90729282
51059,0.122419335
51061,1.59174377
51063,0
51065,0.379745874
51067,1.067049856
51069,1.527707921
51071,1.785905633
51073,0
51075,0
51077,0.632271118
51079,0
51081,4.321446475
51083,1.723612923
51085,0.958506264
51087,0.399093015
51089,0.774539343
51091,4.517119884
51093,1.924208188
51095,1.080730574
51097,0
51099,1.157675388
51101,1.819527166
51103,0.92802257
51105,0.413086583
51107,0.129914875
51109,0.282612013
51111,0.810412176
51113,1.523972081
51115,0
51117,1.946080594
51119,0
51121,0.613158379
51125,2.024564719
51127,3.321943812
51131,6.694224558
51133,0
51135,1.936883425
51137,0.562040883
51139,0.841602074
51141,0.559866528
51143,0.973093952
51145,0.34984362
51147,0.871847183
51149,1.582011475
51153,0.328866594
51155,0.876040298
51157,0
51159,2.258253918
51161,0.106767569
51163,2.661769012
51165,1.258342813
51167,0.72889485
51169,0
51171,0.696919153
51173,0.965853847
51175,1.666796306
51177,0.913584082
51179,0.486262393
51181,0
51183,4.351685843
51185,0.711574953
51187,2.532645804
51191,0.737416902
51193,1.701143168
51195,0.256489176
51197,1.383211956
51199,0
51510,0.06410166
51520,0.588304506
51530,0
51540,0
51550,0.252432397
51570,0
51580,1.771416425
51590,0
51595,0
51600,0
51610,0
51620,0
51630,1.053903659
51640,0
51650,0.073705764
51660,0.752187927
51670,0
51678,0
51680,0
51683,0
51685,0
51690,0
51700,0.222059625
51710,0.203775387
51720,0
51730,0.951136926
51735,0
51740,0.419359303
51750,0
51760,0.178616083
51770,0.402878162
51775,0.789203693
01790,0
51800,1.122994893
51810,0.200009245
51820,0.457134498
51830,0
51840,0
53001,3.602083033
53003,0
53005,0.515630301
53007,0.132251691
53009,0.537494256
53011,0.085976354
53013,0
53015,0.571334981
53017,0.726532985
53019,1.320759701
53021,0.441998718
53023,0
53025,1.375154969
53027,0.417115065
53029,0.122584774
53031,1.61967451
53033,0.18501468
53035,0.190646719
53037,1.784543179
53039,0.467110733
53041,0.38974908
53043,4.793404276
53045,0.159817425
53047,1.921201904
53049,0
53051,0.756647145
53053,0.24346251
53055,0
53057,0.565589837
53059,1.722326519
53061,0.165428287
53063,0.301497599
53065,0.452421132
53067,0.437022826
53069,0
53071,0.665386906
53073,0.323172184
53075,1.646287005
53077,0.763370433
54001,2.391600698
54003,0.704638459
54005,0.876431871
54007,1.400638691
54009,0
54011,0.944606194
54013,1.354242843
54015,1.138511283
54017,4.670278349
54019,0.906478603
54021,0
54023,2.580556368
54025,1.131919566
54027,0.428082192
54029,0.674004327
54031,3.612351352
54033,0.879886671
54035,1.723009063
54037,0.177930877
54039,0.915328851
54041,0.614461977
54043,0.949108787
54045,1.479263682
54047,1.040961849
54049,0.17699303
54051,0.947161043
54053,0
54055,1.156661544
54057,0.366206467
54059,0
54061,0.856756093
54063,0
54065,0
54067,0.394910395
54069,0.470488602
54071,4.253388533
54073,1.332019075
54075,2.344500973
54077,0.296038414
54079,0.706149859
54081,1.31206046
54083,1.032126663
54085,2.010252287
54087,0
54089,0
54091,0
54093,0
54095,2.244668911
54097,1.62606914
54099,0.245545799
54101,2.349403252
54103,2.56186914
54105,1.72663858
54107,0.584449437
54109,0.460460276
55001,0.498127042
55003,0
55005,1.325972711
55007,0.667521094
55009,0.231035988
55011,2.278630998
55013,0
55015,0.401556433
55017,0.628667884
55019,2.029291371
55021,1.404583155
55023,0
55025,0.415097629
55027,0.797617176
55029,0.729064901
55031,0.921794919
55033,0.898872365
55035,0.291480605
55037,4.624491306
55039,0.87966049
55041,1.109311561
55043,1.351810654
55045,1.627100994
55047,1.068216292
55049,0.84750072
55051,1.747640685
55053,2.925516354
55055,0.709060613
55057,3.029293266
55059,0.237841823
55061,0
55063,0.424524617
55065,1.194943001
55067,1.043928512
55069,0
55071,0.377932758
55073,0.813103082
55075,0.493451893
55077,0.657756262
55078,0
55079,0.115332296
55081,1.317193324
55083,1.065178258
55085,1.132265607
55087,0.433480283
55089,0.226580626
55091,0
55093,0.480374308
55095,0.692089418
55097,0
55099,0
55101,0.768060167
55103,0
55105,0.989700925
55107,0.705885675
55109,0.910114788
55111,0.943013683
55113,0
55115,1.707608616
55117,0.695011555
55119,0.983293838
55121,1.018627298
55123,0.327804366
55125,0.463074444
55127,0.971490636
55129,0
55131,0.446301057
55133,0.175563911
55135,0.583285374
55137,1.243523316
55139,0.294300806
55141,0.273113604
56001,2.884262415
56003,1.681378731
56005,1.256102565
56007,9.701830412
56009,3.572296129
56011,2.70197244
56013,1.746829504
56015,0
56017,4.27167877
56019,4.698144233
56021,1.126739789
56023,2.628563017
56025,0.868090004
56027,12.2508984
56029,0.343616634
56031,9.239582371
56033,1.332755806
56035,0
56037,3.405824414
56039,0.864251947
56041,1.94193611
56043,0
56045,0