Fips,Accidents
01001,7.0
01003,11.0
01005,5.0
01007,8.0
01009,3.0
01011,
01013,8.0
01015,12.0
01017,1.0
01019,7.0
01021,13.0
01023,
01025,6.0
01027,1.0
01029,6.0
01031,4.0
01033,6.0
01035,9.0
01037,4.0
01039,2.0
01041,
01043,14.0
01045,6.0
01047,3.0
01049,6.0
01051,2.0
01053,3.0
01055,14.0
01057,3.0
01059,3.0
01061,1.0
01063,7.0
01065,2.0
01067,2.0
01069,8.0
01071,8.0
01073,39.0
01075,
01077,4.0
01079,8.0
01081,5.0
01083,9.0
01085,3.0
01087,7.0
01089,18.0
01091,8.0
01093,5.0
01095,8.0
01097,37.0
01099,3.0
01101,21.0
01103,5.0
01105,3.0
01107,5.0
01109,6.0
01111,2.0
01113,8.0
01115,14.0
01117,13.0
01119,4.0
01121,15.0
01123,5.0
01125,21.0
01127,14.0
01129,2.0
01131,3.0
01133,3.0
02013,
02016,
02020,3.0
02050,
02060,
02068,3.0
02070,
02090,1.0
02100,
,
02110,1.0
02122,5.0
02130,
02150,
,
02164,
02170,9.0
02180,
02185,1.0
02188,
,
02201,
02220,
02232,
02240,1.0
02261,
02280,
02282,
02290,
04001,10.0
04003,12.0
04005,26.0
04007,9.0
04009,2.0
04011,
04012,20.0
04013,142.0
04015,18.0
04017,16.0
04019,39.0
04021,36.0
04023,5.0
04025,26.0
04027,9.0
05001,1.0
05003,4.0
05005,1.0
05007,11.0
05009,3.0
05011,1.0
05013,
05015,3.0
05017,6.0
05019,6.0
05021,7.0
05023,1.0
05025,1.0
05027,4.0
05029,8.0
05031,13.0
05033,6.0
05035,17.0
05037,3.0
05039,
05041,3.0
05043,4.0
05045,7.0
05047,5.0
05049,3.0
05051,5.0
05053,6.0
05055,9.0
05057,9.0
05059,11.0
05061,3.0
05063,2.0
05065,
05067,3.0
05069,3.0
05071,3.0
05073,1.0
05075,7.0
05077,
05079,1.0
05081,3.0
05083,2.0
05085,10.0
05087,1.0
05089,1.0
05091,13.0
05093,7.0
05095,5.0
05097,3.0
05099,2.0
05101,1.0
05103,3.0
05105,1.0
05107,4.0
05109,2.0
05111,3.0
05113,6.0
05115,6.0
05117,5.0
05119,25.0
05121,5.0
05123,13.0
05125,3.0
05127,1.0
05129,2.0
05131,4.0
05133,4.0
05135,3.0
05137,
05139,10.0
05141,6.0
05143,4.0
05145,4.0
05147,2.0
05149,5.0
06001,33.0
06003,3.0
06005,5.0
06007,9.0
06009,9.0
06011,6.0
06013,25.0
06015,3.0
06017,4.0
06019,67.0
06021,5.0
06023,11.0
06025,26.0
06027,2.0
06029,110.0
06031,24.0
06033,5.0
06035,6.0
06037,240.0
06039,14.0
06041,7.0
06043,2.0
06045,11.0
06047,41.0
06049,1.0
06051,2.0
06053,20.0
06055,8.0
06057,3.0
06059,55.0
06061,10.0
06063,3.0
06065,109.0
06067,55.0
06069,4.0
06071,161.0
06073,59.0
06075,11.0
06077,60.0
06079,16.0
06081,11.0
06083,14.0
06085,37.0
06087,6.0
06089,16.0
06091,
06093,9.0
06095,15.0
06097,20.0
06099,34.0
06101,14.0
06103,12.0
06105,1.0
06107,43.0
06109,2.0
06111,22.0
06113,19.0
06115,4.0
08001,27.0
08003,4.0
08005,15.0
08007,3.0
08009,4.0
08011,1.0
08013,14.0
,1.0
08015,2.0
08017,1.0
08019,1.0
08021,1.0
08023,5.0
08025,1.0
08027,2.0
08029,3.0
08031,18.0
08033,
08035,7.0
08037,2.0
08039,2.0
08041,22.0
08043,7.0
08045,3.0
08047,
08049,4.0
08051,4.0
08053,
08055,2.0
08057,
08059,11.0
08061,2.0
08063,5.0
08065,
08067,4.0
08069,28.0
08071,1.0
08073,3.0
08075,4.0
08077,4.0
08079,4.0
08081,3.0
08083,3.0
08085,1.0
08087,7.0
08089,1.0
08091,1.0
08093,6.0
08095,1.0
08097,
08099,4.0
08101,13.0
08103,2.0
08105,4.0
08107,3.0
08109,2.0
08111,1.0
08113,
08115,1.0
08117,5.0
08119,1.0
08121,4.0
08123,69.0
08125,4.0
09001,23.0
09003,24.0
09005,8.0
09007,5.0
09009,35.0
09011,13.0
09013,10.0
09015,10.0
10001,9
10003,24
10005,25
11001,9
12001,29
12003,3
12005,10
12007,8
12009,25
12011,67
12013,4
12015,14
12017,8
12019,10
12021,20
12023,17
12027,10
12029,1
12031,56
12033,12
12035,8
12037,
12039,6
12041,3
12043,7
12045,1
12047,4
12049,8
12051,7
12053,9
12055,10
12057,71
12059,2
12061,19
12063,17
12065,2
12067,2
12069,27
12071,42
12073,13
12075,7
12077,1
12079,6
12081,25
12083,38
12085,11
12086,74
12087,10
12089,17
12091,13
12093,9
12095,72
12097,31
12099,56
12101,29
12103,20
12105,80
12107,12
12109,19
12111,13
12113,8
12115,28
12117,12
12119,15
12121,12
12123,4
12125,2
12127,36
12129,5
12131,6
12133,4
13001,5
13003,3
13005,4
13007,
13009,6
13011,9
13013,13
13015,14
13017,4
13019,2
13021,22
13023,2
13025,1
13027,4
13029,7
13031,11
13033,5
13035,4
13037,1
13039,3
13043,2
13045,17
13047,2
13049,3
13051,18
13053,5
13055,2
13057,6
13059,3
13061,1
13063,13
13065,3
13067,28
13069,3
13071,10
13073,8
13075,2
13077,12
13079,1
13081,4
13083,6
13085,4
13087,6
13089,34
13091,2
13093,8
13095,6
13097,12
13099,1
13101,1
13103,8
13105,3
13107,4
13109,1
13111,1
13113,6
13115,11
13117,7
13119,6
13121,51
13123,3
13125,
13127,15
13129,6
13131,2
13133,5
13135,26
13137,
13139,14
13141,3
13143,1
13145,5
13147,1
13149,2
13151,21
13153,9
13155,2
13157,16
13159,1
13161,4
13163,3
13165,
13167,
13169,7
13171,
13173,
13175,9
13177,
13179,3
13181,1
13183,1
13185,20
13187,
13189,10
13191,4
13193,3
13195,3
13197,
13199,4
13201,2
13205,4
13207,5
13209,1
13211,5
13213,5
13215,11
13217,8
13219,8
13221,1
13223,6
13225,5
13227,5
13229,2
13231,5
13233,5
13235,1
13237,3
13239,
13241,1
13243,1
13245,12
13247,3
13249,1
13251,5
13253,2
13255,7
13257,1
13259,1
13261,6
13263,1
13265,2
13267,2
13269,3
13271,2
13273,1
13275,3
13277,3
13279,1
13281,1
13283,3
13285,11
13287,4
13289,3
13291,2
13293,
13295,1
13297,4
13299,7
13301,5
13303,2
13305,6
13307,
13309,3
13311,2
13313,10
13315,
13317,
13319,2
13321,11
15001,14
,7
15003,
15007,2
15009,4
16001,11
16003,2
16005,3
16007,1
16009,2
16011,6
16013,1
16015,1
16017,10
16019,
16021,
16023,
16025,
16027,17
16029,1
16031,6
16033,
16035,2
16037,2
16039,5
16041,1
16043,5
16045,1
16047,6
16049,6
16051,3
16053,11
16055,8
16057,4
16059,1
16061,1
16063,5
16065,4
16067,9
16069,4
16071,1
16073,
16075,1
16077,5
16079,6
16081,1
16083,13
16085,1
16087,1
17001,3
17003,
17005,2
17007,2
17009,1
17011,7
17013,
17015,1
17017,2
17019,12
17021,4
17023,5
17025,1
17027,3
17029,7
17031,104
17033,
17035,4
17037,2
17039,2
17041,2
17043,15
17045,4
17047,3
17049,11
17051,9
17053,2
17055,3
17057,1
17059,1
17061,2
17063,7
17065,
17067,
17069,1
17071,2
17073,9
17075,8
17077,1
17079,
17081,9
17083,1
17085,7
17087,2
17089,16
17091,18
17093,6
17095,6
17097,22
17099,20
17101,
17103,3
17105,9
17107,6
17109,
17111,10
17113,16
17115,10
17117,2
17119,21
17121,4
17123,
17125,
17127,2
17129,
17131,
17133,2
17135,3
17137,1
17139,1
17141,7
17143,6
17145,2
17147,2
17149,1
17151,
17153,2
17155,1
17157,3
17159,3
17161,6
17163,18
17165,3
17167,10
17169,
17171,
17173,1
17175,2
17177,2
17179,4
17181,5
17183,6
17185,
17187,3
17189,5
17191,2
17193,2
17195,1
17197,44
17199,12
17201,12
17203,2
18001,5
18003,18
18005,11
18007,2
18009,1
18011,12
18013,1
18015,3
18017,6
18019,7
18021,3
18023,4
18025,2
18027,5
18029,9
18031,5
18033,6
18035,4
18037,1
18039,24
18041,3
18043,5
18045,3
18047,1
18049,3
18051,9
18053,5
18055,3
18057,8
18059,7
18061,4
18063,7
18065,5
18067,13
18069,5
18071,10
18073,5
18075,5
18077,2
18079,6
18081,8
18083,3
18085,13
18087,8
18089,34
18091,25
18093,5
18095,9
18097,40
18099,12
18101,1
18103,9
18105,4
18107,5
18109,6
18111,7
18113,4
18115,
18117,2
18119,1
18121,2
18123,
18125,1
18127,12
18129,5
18131,2
18133,8
18135,6
18137,3
18139,3
18141,16
18143,1
18145,8
18147,5
18149,2
18151,10
18153,4
18155,2
18157,10
18159,3
18161,
18163,8
18165,4
18167,10
18169,3
18171,2
18173,5
18175,3
18177,6
18179,3
18181,10
18183,2
19001,3
19003,1
19005,
19007,2
19009,
19011,8
19013,10
19015,1
19017,1
19019,3
19021,2
19023,1
19025,2
19027,3
19029,10
19031,5
19033,9
19035,2
19037,2
19039,3
19041,2
19043,1
19045,3
19047,
19049,2
19051,3
19053,4
19055,3
19057,3
19059,1
19061,3
19063,
19065,1
19067,3
19069,1
19071,
19073,3
19075,1
19077,2
19079,2
19081,1
19083,2
19085,2
19087,1
19089,
19091,2
19093,2
19095,3
19097,1
19099,2
19101,9
19103,2
19105,5
19107,2
19109,6
19111,6
19113,
19115,2
19117,
19119,3
19121,2
19123,5
19125,3
19127,5
19129,6
19131,1
19133,2
19135,1
19137,
19139,3
19141,
19143,2
19145,2
19147,2
19149,5
19151,1
19153,7
19155,6
19157,4
19159,2
19161,5
19163,8
19165,
19167,6
19169,5
19171,8
19173,
19175,
19177,
19179,3
19181,8
19183,5
19185,1
19187,2
19189,
19191,1
19193,5
19195,
19197,2
20001,5
20003,5
20005,1
20007,2
20009,5
20011,1
20013,6
20015,9
20017,6
20019,1
20021,1
20023,1
20025,2
20027,1
20029,1
20031,2
20033,
20035,2
20037,2
20039,2
20041,1
20043,2
20045,3
20047,1
20049,
20051,4
20053,6
20055,8
20057,9
20059,3
20061,3
20063,3
20065,
20067,1
20069,3
20071,
20073,4
20075,1
20077,2
20079,4
20081,3
20083,2
20085,6
20087,2
20089,1
20091,12
20093,2
20095,1
20097,4
20099,3
20101,2
20103,7
20105,
20107,1
20109,1
20111,3
20113,5
20115,6
20117,
20119,3
20121,3
20123,1
20125,10
20127,
20129,1
20131,1
20133,7
20135,4
20137,1
20139,
20141,1
20143,
20145,2
20147,2
20149,1
20151,5
20153,
20155,6
20157,
20159,2
20161,2
20163,2
20165,
20167,3
20169,6
20171,2
20173,23
20175,12
20177,5
20179,2
20181,2
20183,1
20185,
20187,2
20189,4
20191,7
20193,6
20195,3
20197,1
20199,1
20201,2
20203,
20205,3
20207,
20209,6
21001,2
21003,6
21005,
21007,3
21009,3
21011,3
21013,3
21015,9
21017,
21019,4
21021,
21023,
21025,1
21027,
21029,8
21031,
21033,
21035,3
21037,3
21039,1
21041,1
21043,3
21045,2
21047,7
21049,2
21051,1
21053,5
21055,
21057,3
21059,11
21061,
21063,
21065,
21067,19
21069,
21071,1
21073,4
21075,1
21077,3
21079,2
21081,2
21083,4
21085,4
21087,
21089,3
21091,1
21093,15
21095,5
21097,2
21099,6
21101,6
21103,5
21105,1
21107,4
21109,
21111,44
21113,3
21115,3
21117,6
21119,2
21121,3
21123,3
21125,9
21127,4
21129,
21131,1
21133,4
21135,3
21137,2
21139,2
21141,3
21143,3
21145,6
21147,
21149,1
21151,6
21153,1
21155,2
21157,8
21159,1
21161,1
21163,1
21165,1
21167,1
21169,5
21171,
21173,6
21175,1
21177,3
21179,5
21181,1
21183,5
21185,6
21187,1
21189,1
21191,3
21193,3
21195,6
21197,4
21199,4
21201,
21203,3
21205,2
21207,1
21209,4
21211,6
21213,4
21215,2
21217,3
21219,
21221,1
21223,
21225,
21227,14
21229,
21231,3
21233,1
21235,6
21237,2
21239,2
22001,8
22003,3
22005,14
22007,1
22009,1
22011,7
22013,4
22015,6
22017,19
22019,21
22021,
22023,
22025,
22027,3
22029,2
22031,3
22033,26
22035,1
22037,7
22039,1
22041,3
22043,4
22045,6
22047,7
22049,2
22051,12
22053,10
22055,12
22057,13
22059,5
22061,6
22063,10
22065,6
22067,1
22069,3
22071,20
22073,7
22075,
22077,5
22079,9
22081,1
22083,4
22085,6
22087,3
22089,5
22091,3
22093,4
22095,5
22097,10
22099,8
22101,3
22103,19
22105,15
22107,1
22109,3
22111,5
22113,2
22115,4
22117,8
22119,8
22121,13
22123,
22125,2
22127,3
23001,5
23003,3
23005,15
23007,5
23009,3
23011,4
23013,3
23015,4
23017,5
23019,3
23021,1
23023,3
23025,3
23027,3
23029,5
23031,8
24001,2
24003,17
24005,31
24009,3
24011,9
24013,10
24015,15
24017,5
24019,1
24021,24
24023,4
24025,16
24027,13
24029,2
24031,11
24033,43
24035,8
24037,6
24039,5
24041,4
24043,16
24045,6
24047,4
24510,15
25001,4
25003,7
25005,11
25007,
25009,12
25011,5
25013,11
25015,4
25017,25
25019,
25021,10
25023,12
25025,14
25027,30
26001,
26003,
26005,9
26007,2
26009,2
26011,
26013,
26015,2
26017,5
26019,2
26021,9
26023,4
26025,10
26027,6
26029,
26031,2
26033,1
26035,
26037,4
26039,
26041,4
26043,
26045,4
26047,2
26049,15
26051,1
26053,
26055,6
26057,1
26059,6
26061,4
26063,1
26065,6
26067,3
26069,2
26071,1
26073,2
26075,8
26077,11
26079,4
26081,25
26083,
26085,
26087,3
26089,2
26091,9
26093,9
26095,1
26097,2
26099,12
26101,1
26103,3
26105,3
26107,1
26109,3
26111,3
26113,3
26115,19
26117,6
26119,
26121,6
26123,3
26125,22
26127,2
26129,1
26131,2
26133,
26135,
26137,5
26139,10
26141,
26143,
26145,11
26147,8
26149,10
26151,4
26153,1
26155,3
26157,5
26159,8
26161,15
26163,65
26165,6
27001,1
27003,11
27005,1
27007,1
27009,5
27011,
27013,7
27015,3
27017,3
27019,1
27021,1
27023,3
27025,1
27027,6
27029,1
27031,
27033,4
27035,4
27037,12
27039,2
27041,1
27043,2
27045,3
27047,6
27049,3
27051,23
27053,2
27055,1
27057,7
27059,
27061,2
27063,
27065,1
27067,6
27069,
27071,1
27073,1
27075,1
27077,1
27079,1
27081,1
27083,3
27085,1
27087,2
27089,1
27091,3
27093,5
27095,4
27097,1
27099,2
27101,3
27103,2
27105,5
27107,4
27109,2
27111,5
27113,1
27115,7
27117,
27119,
27121,
27123,2
27125,
27127,5
27129,5
27131,5
27133,5
27135,3
27137,8
27139,5
27141,1
27143,2
27145,10
27147,3
27149,
27151,2
27153,3
27155,
27157,3
27159,3
27161,3
27163,7
27165,1
27167,
27169,2
27171,8
27173,3
28001,
28003,3
28005,7
28007,2
28009,6
28011,3
28013,
28015,2
28017,5
28019,
28021,1
28023,4
28025,1
28027,5
28029,14
28031,12
28033,11
28035,15
28037,5
28039,5
28041,2
28043,4
28045,5
28047,5
28049,18
28051,2
28053,3
28055,
28057,6
28059,16
28061,7
28063,1
28065,1
28067,11
28069,
28071,5
28073,3
28075,8
28077,1
28079,2
28081,8
28083,3
28085,5
28087,10
28089,9
28091,6
28093,14
28095,1
28097,3
28099,6
28101,2
28103,2
28105,1
28107,4
28109,11
28111,4
28113,6
28115,5
28117,3
28119,
28121,14
28123,10
28125,
28127,4
28129,4
28131,2
28133,4
28135,
28137,3
28139,3
28141,4
28143,2
28145,5
28147,2
28149,7
28151,6
28153,6
28155,
28157,5
28159,3
28161,5
28163,6
29001,2
29003,4
29005,6
29007,2
29009,1
29011,
29013,5
29015,2
29017,1
29019,17
29021,5
29023,4
29025,2
29027,5
29029,5
29031,6
29033,1
29035,2
29037,9
29039,3
29041,
29043,3
29045,2
29047,12
29049,1
29051,1
29053,3
29055,1
29057,2
29059,2
29061,2
29063,5
29065,2
29067,1
29069,4
29071,17
29073,4
29075,1
29077,19
29079,2
29081,4
29083,2
29085,
29087,1
29089,
29091,4
29093,
29095,36
29097,13
29099,11
29101,9
29103,2
29105,7
29107,3
29109,16
29111,
29113,6
29115,4
29117,
29119,5
29121,2
29123,1
29125,
29127,2
29129,1
29131,4
29133,3
29135,5
29137,1
29139,5
29141,3
29143,9
29145,6
29147,2
29149,1
29151,2
29153,
29155,5
29157,5
29159,8
29161,16
29163,2
29165,10
29167,1
29169,3
29171,2
29173,3
29175,1
29177,1
29179,1
29181,2
29183,13
29185,1
29186,4
29187,
29189,30
29195,5
29197,
29199,2
29201,3
29203,1
29205,
29207,1
29209,1
29211,2
29213,8
29215,4
29217,4
29219,4
29221,5
29223,1
29225,4
29227,
29229,1
29510,19
30001,2
30003,5
30005,1
30007,3
30009,1
30011,
30013,4
30015,3
30017,
30019,1
30021,
30023,1
30025,
30027,2
30029,7
30031,8
30033,1
30035,3
30037,
30039,2
30041,1
30043,2
30045,
30047,2
30049,2
30051,
30053,
30055,
30057,3
30059,1
30061,2
30063,3
30065,
30067,1
30069,
30071,
30073,
30075,1
30077,
30079,
30081,
30083,1
30085,1
30087,5
30089,2
30091,1
30093,1
30095,
30097,
30099,1
30101,
30103,
30105,
30107,
30109,
30111,9
31001,2
31003,2
31005,
31007,
31009,1
31011,1
31013,1
31015,
31017,1
31019,6
31021,1
31023,1
31025,6
31027,2
31029,2
31031,2
31033,1
31035,2
31037,3
31039,1
31041,2
31043,2
31045,1
31047,6
31049,2
31051,1
31053,8
31055,25
31057,
31059,1
31061,
31063,1
31065,
31067,1
31069,
31071,
31073,1
31075,1
31077,
31079,5
31081,2
31083,2
31085,
31087,1
31089,2
31091,
31093,1
31095,1
31097,1
31099,
31101,5
31103,
31105,2
31107,
31109,10
31111,11
31113,1
31115,1
31117,
31119,3
31121,3
31123,5
31125,
31127,1
31129,
31131,3
31133,
31135,
31137,2
31139,6
31141,2
31143,
31145,1
31147,1
31149,
31151,1
31153,5
31155,3
31157,5
31159,8
31161,1
31163,1
31165,
31167,2
31169,2
31171,
31173,1
31175,
31177,1
31179,2
31181,
31183,
31185,7
32001,7
32003,63
32005,4
32007,10
32009,3
32011,2
32013,5
32015,2
32017,2
32019,4
32021,2
32023,4
32027,1
32029,1
32031,10
32033,3
32510,
33001,4
33003,7
33005,2
33007,4
33009,5
33011,11
33013,8
33015,8
33017,4
33019,3
34001,9
34003,30
34005,28
34007,17
34009,4
34011,8
34013,16
34015,19
34017,20
34019,7
34021,15
34023,27
34025,11
34027,20
34029,16
34031,4
34033,8
34035,12
34037,5
34039,19
34041,8
35001,22
35003,
35005,8
35006,14
35007,2
35009,2
35011,2
35013,9
35015,25
35017,3
35019,12
35021,1
35023,9
35025,40
35027,4
35028,1
35029,3
35031,15
35033,1
35035,5
35037,7
35039,3
35041,6
35043,4
35045,20
35047,3
35049,5
35051,2
35053,1
35055,11
35057,
35059,
35061,3
36001,14
36003,3
36005,29
36007,5
36009,5
36011,5
36013,6
36015,6
36017,3
36019,6
36021,5
36023,4
36025,5
36027,7
36029,19
36031,1
36033,1
36035,1
36037,12
36039,3
36041,1
36043,4
36045,4
36047,44
36049,4
36051,5
36053,1
36055,14
36057,6
36059,32
36061,38
36063,6
36065,11
36067,14
36069,5
36071,18
36073,2
36075,8
36077,3
36079,5
36081,25
36083,7
36085,4
36087,5
36089,2
36091,12
36093,1
36095,1
36097,2
36099,2
36101,7
36103,36
36105,6
36107,2
36109,5
36111,6
36113,6
36115,5
36117,6
36119,14
36121,6
36123,2
37001,8
37003,2
37005,1
37007,2
37009,1
37011,
37013,6
37015,5
37017,9
37019,8
37021,12
37023,7
37025,7
37027,3
37029,1
37031,3
37033,2
37035,9
37037,3
37039,2
37041,2
37043,8
37045,16
37047,8
37049,14
37051,3
37053,
37055,3
37057,14
37059,5
37061,7
37063,11
37065,6
37067,21
37069,4
37071,20
37073,1
37075,1
37077,13
37079,3
37081,32
37083,7
37085,10
37087,3
37089,7
37091,5
37093,5
37095,1
37097,10
37099,1
37101,16
37103,1
37105,8
37107,7
37109,7
37111,6
37113,2
37115,2
37117,1
37119,49
37121,
37123,4
37125,6
37127,9
37129,6
37131,5
37133,4
37135,7
37137,3
37139,12
37141,
37143,
37145,3
37147,6
37149,2
37151,9
37153,7
37155,22
37157,9
37159,13
37161,2
37163,10
37165,3
37167,8
37169,
37171,9
37173,
37175,1
37177,
37179,17
37181,2
37183,27
37185,5
37187,1
37189,4
37191,14
37193,5
37195,4
37197,3
37199,1
38001,
38003,
38005,
38007,1
38009,
38011,1
38013,2
38015,
38017,7
38019,1
38021,
38023,
38025,6
38027,
38029,2
38031,
38033,
38035,10
38037,
38039,
38041,
38043,1
38045,4
38047,
38049,3
38051,
38053,35
38055,1
38057,
38059,1
38061,8
38063,
38065,
38067,1
38069,1
38071,2
38073,
38075,
38077,3
38079,
38081,
38083,
38085,
38087,1
38089,7
38091,
38093,5
38095,
38097,1
38099,4
38101,10
38103,
38105,20
39001,5
39003,7
39005,7
39007,7
39009,4
39011,6
39013,9
39015,3
39017,19
39019,6
39021,1
39023,6
39025,3
39027,3
39029,3
39031,2
39033,5
39035,30
39037,6
39039,4
39041,14
39043,8
39045,5
39047,9
39049,37
39051,13
39053,1
39055,10
39057,4
39059,3
39061,18
39063,9
39065,7
39067,4
39069,12
39071,1
39073,2
39075,2
39077,9
39079,4
39081,2
39083,3
39085,2
39087,
39089,19
39091,5
39093,16
39095,20
39097,10
39099,20
39101,7
39103,12
39105,5
39107,8
39109,8
39111,1
39113,21
39115,2
39117,11
39119,9
39121,2
39123,1
39125,5
39127,6
39129,
39131,7
39133,15
39135,6
39137,2
39139,6
39141,7
39143,15
39145,3
39147,6
39149,8
39151,22
39153,14
39155,10
39157,7
39159,8
39161,5
39163,1
39165,10
39167,4
39169,11
39171,9
39173,22
39175,5
40001,3
40003,3
40005,10
40007,5
40009,10
40011,13
40013,18
40015,12
40017,20
40019,14
40021,2
40023,2
40025,3
40027,10
40029,1
40031,6
40033,1
40035,5
40037,13
40039,6
40041,4
40043,5
40045,1
40047,7
40049,13
40051,27
40053,2
40055,3
40057,2
40059,3
40061,4
40063,3
40065,2
40067,
40069,4
40071,4
40073,13
40075,
40077,
40079,9
40081,7
40083,7
40085,3
40087,13
40089,7
40091,1
40093,7
40095,4
40097,11
40099,6
40101,11
40103,7
40105,3
40107,3
40109,49
40111,5
40113,5
40115,11
40117,2
40119,10
40121,12
40123,13
40125,13
40127,2
40129,2
40131,12
40133,9
40135,5
40137,4
40139,6
40141,2
40143,20
40145,3
40147,4
40149,1
40151,3
40153,4
41001,6
41003,4
41005,11
41007,1
41009,4
41011,3
41013,3
41015,2
41017,13
41019,18
41021,2
41023,2
41025,3
41027,
41029,13
41031,4
41033,4
41035,7
41037,2
41039,21
41041,2
41043,14
41045,6
41047,22
41049,3
41051,21
41053,5
41055,4
41057,4
41059,12
41061,3
41063,
41065,3
41067,12
41069,1
41071,7
42001,6
42003,37
42005,9
42007,6
42009,9
42011,28
42013,5
42015,6
42017,21
42019,13
42021,6
42023,
42025,6
42027,13
42029,23
42031,8
42033,11
42035,5
42037,4
42039,7
42041,28
42043,23
42045,12
42047,3
42049,7
42051,9
42053,1
42055,14
42057,6
42059,10
42061,2
42063,10
42065,6
42067,2
42069,10
42071,29
42073,5
42075,18
42077,30
42079,17
42081,7
42083,7
42085,10
42087,2
42089,11
42091,21
42093,4
42095,22
42097,8
42099,7
42101,15
42103,4
42105,1
42107,12
42109,4
42111,11
42113,2
42115,10
42117,9
42119,4
42121,3
42123,4
42125,17
42127,4
42129,21
42131,3
42133,25
44001,
44003,
44005,
44007,11
44009,3
45001,1
45003,10
45005,3
45007,20
45009,3
45011,
45013,4
45015,19
45017,9
45019,23
45021,6
45023,12
45025,10
45027,11
45029,11
45031,13
45033,2
45035,10
45037,2
45039,2
45041,12
45043,8
45045,30
45047,6
45049,3
45051,21
45053,14
45055,7
45057,9
45059,11
45061,6
45063,27
45065,1
45067,6
45069,6
45071,6
45073,9
45075,18
45077,7
45079,19
45081,3
45083,29
45085,7
45087,1
45089,10
45091,12
46003,1
46005,5
46007,1
46009,1
46011,3
46013,2
46015,
46017,
46019,
46021,
46023,
46025,1
46027,2
46029,2
46031,
46033,1
46035,
46037,1
46039,1
46041,
46043,
46045,2
46047,1
46049,
46051,3
46053,1
46055,
46057,1
46059,1
46061,5
46063,3
46065,
46067,3
46069,
46071,2
46073,1
46075,2
46077,
46079,
46081,3
46083,2
46085,2
46087,1
46089,
46091,1
46093,2
46095,
46097,
46099,3
46101,3
46103,
46105,4
46107,
46109,
46111,3
46113,1
46115,
46117,
46119,
46121,1
46123,
46125,1
46127,1
46129,2
46135,1
46137,1
47001,3
47003,4
47005,4
47007,
47009,4
47011,10
47013,5
47015,1
47017,4
47019,4
47021,3
47023,1
47025,3
47027,3
47029,5
47031,8
47033,2
47035,13
47037,28
47039,3
47041,
47043,9
47045,3
47047,6
47049,2
47051,3
47053,3
47055,5
47057,2
47059,11
47061,
47063,2
47065,13
47067,1
47069,2
47071,7
47073,8
47075,8
47077,12
47079,3
47081,4
47083,1
47085,1
47087,1
47089,5
47091,2
47093,23
47095,1
47097,1
47099,4
47101,
47103,5
47105,6
47107,8
47109,4
47111,3
47113,10
47115,11
47117,3
47119,7
47121,5
47123,7
47125,12
47127,2
47129,
47131,1
47133,6
47135,
47137,2
47139,4
47141,8
47143,5
47145,4
47147,12
47149,21
47151,2
47153,2
47155,2
47157,64
47159,5
47161,
47163,6
47165,5
47167,2
47169,1
47171,1
47173,4
47175,2
47177,6
47179,8
47181,
47183,2
47185,2
47187,11
47189,15
48001,8
48003,13
48005,16
48007,
48009,3
48011,2
48013,10
48015,6
48017,1
48019,2
48021,19
48023,2
48025,4
48027,21
48029,83
48031,7
48033,1
48035,1
48037,14
48039,21
48041,14
48043,1
48045,
48047,5
48049,5
48051,6
48053,7
48055,8
48057,1
48059,9
48061,9
48063,2
48065,7
48067,10
48069,6
48071,19
48073,5
48075,4
48077,2
48079,1
48081,4
48083,2
48085,30
48087,
48089,15
48091,18
48093,10
48095,1
48097,11
48099,9
48101,
48103,6
48105,9
48107,2
48109,9
48111,5
48113,113
48115,4
48117,5
48119,2
48121,28
48123,7
48125,2
48127,10
48129,2
48131,8
48133,12
48135,50
48137,27
48139,28
48141,16
48143,9
48145,
48147,8
48149,5
48151,2
48153,
48155,
48157,23
48159,4
48161,10
48163,7
48165,6
48167,11
48169,7
48171,9
48173,9
48175,4
48177,18
48179,7
48181,14
48183,20
48185,8
48187,18
48189,4
48191,
48193,3
48195,1
48197,
48199,13
48201,162
48203,17
48205,13
48207,1
48209,18
48211,2
48213,11
48215,21
48217,13
48219,3
48221,5
48223,10
48225,10
48227,17
48229,15
48231,19
48233,2
48235,6
48237,3
48239,6
48241,4
48243,17
48245,
48247,2
48249,10
48251,15
48253,5
48255,17
48257,15
48259,7
48261,1
48263,
48265,8
48267,8
48269,1
48271,2
48273,4
48275,1
48277,7
48279,2
48281,5
48283,18
48285,6
48287,8
48289,10
48291,27
48293,2
48295,1
48297,15
48299,2
48301,7
48303,16
48305,6
48307,5
48309,20
48311,4
48313,12
48315,3
48317,16
48319,
48321,3
48323,7
48325,10
48327,
48329,67
48331,14
48333,3
48335,9
48337,6
48339,31
48341,8
48343,4
48345,
48347,11
48349,9
48351,1
48353,13
48355,17
48357,5
48359,6
48361,15
48363,9
48365,12
48367,19
48369,7
48371,18
48373,12
48375,15
48377,1
48379,5
48381,9
48383,6
48385,1
48387,5
48389,42
48391,7
48393,4
48395,7
48397,10
48399,2
48401,19
48403,4
48405,4
48407,1
48409,11
48411,
48413,1
48415,6
48417,1
48419,15
48421,2
48423,32
48425,1
48427,1
48429,
48431,3
48433,1
48435,5
48437,1
48439,82
48441,15
48443,1
48445,5
48447,2
48449,9
48451,9
48453,51
48455,3
48457,4
48459,10
48461,7
48463,5
48465,7
48467,10
48469,14
48471,16
48473,8
48475,18
48477,7
48479,19
48481,9
48483,6
48485,7
48487,5
48489,2
48491,26
48493,9
48495,16
48497,20
48499,5
48501,5
48503,2
48505,
48507,3
09001,2
49003,6
49005,6
49007,5
49009,
49011,2
49013,5
49015,3
49017,4
49019,
49021,1
49023,3
49025,3
49027,4
49029,2
49031,
49033,1
49035,24
49037,4
49039,2
49041,3
49043,6
49045,9
49047,1
49049,25
49051,7
49053,6
49055,1
49057,7
50001,4
50003,1
50005,1
50007,3
50009,2
50011,1
50013,2
50015,3
50017,1
50019,1
50021,6
50023,4
50025,2
50027,5
51001,6
51003,6
51005,2
51007,1
51009,7
51011,1
51013,
51015,6
51017,2
51019,5
51021,1
51023,5
51025,
51027,3
51029,5
51031,4
51033,4
51035,10
51036,1
51037,2
51041,12
51043,3
51045,1
51047,7
51049,
51051,
51053,4
51057,1
51059,14
51061,11
51063,
51065,1
51067,6
51069,13
51071,3
51073,
51075,
51077,1
51079,
51081,5
51083,6
51085,10
51087,13
51089,4
51091,1
51093,7
51095,8
51097,
51099,3
51101,3
51103,1
51105,1
51107,5
51109,1
51111,1
51113,2
51115,
51117,6
51119,
51121,6
51125,3
51127,7
51131,8
51133,
51135,3
51137,2
51139,2
51141,1
51143,6
51145,1
51147,2
51149,6
51153,15
51155,3
51157,
51159,2
51161,1
51163,6
51165,10
51167,2
51169,
51171,3
51173,3
51175,3
51177,12
51179,7
51181,
51183,5
51185,3
51187,10
51191,4
51193,3
51195,1
51197,4
51199,
51510,1
51520,1
51530,
51540,
51550,6
51570,
51580,1
51590,
51595,
51600,
51610,
51620,
51630,3
51640,
51650,1
51660,4
51670,
51678,
51680,
51683,
51685,
51690,
51700,4
51710,5
51720,
51730,3
51735,
51740,4
51750,
51760,4
51770,4
51775,2
01790,
51800,10
51810,9
51820,1
51830,
51840,
53001,7
53003,
53005,10
53007,1
53009,4
53011,4
53013,
53015,6
53017,3
53019,1
53021,4
53023,
53025,13
53027,3
53029,1
53031,5
53033,40
53035,5
53037,8
53039,1
53041,3
53043,5
53045,1
53047,8
53049,
53051,1
53053,21
53055,
53057,7
53059,2
53061,13
53063,15
53065,2
53067,12
53069,
53071,4
53073,7
53075,8
53077,19
54001,4
54003,8
54005,2
54007,2
54009,
54011,9
54013,1
54015,1
54017,4
54019,4
54021,
54023,3
54025,4
54027,1
54029,2
54031,5
54033,6
54035,5
54037,1
54039,17
54041,1
54043,2
54045,5
54047,2
54049,1
54051,3
54053,
54055,7
54057,1
54059,
54061,9
54063,
54065,
54067,1
54069,2
54071,3
54073,1
54075,2
54077,1
54079,4
54081,10
54083,3
54085,2
54087,
54089,
54091,
54093,
54095,2
54097,4
54099,1
54101,2
54103,4
54105,1
54107,5
54109,1
55001,1
55003,
55005,6
55007,1
55009,6
55011,3
55013,
55015,2
55017,4
55019,7
55021,8
55023,
55025,22
55027,7
55029,2
55031,4
55033,4
55035,3
55037,2
55039,9
55041,1
55043,7
55045,6
55047,2
55049,2
55051,1
55053,6
55055,6
55057,8
55059,4
55061,
55063,5
55065,2
55067,2
55069,
55071,3
55073,11
55075,2
55077,1
55078,
55079,11
55081,6
55083,4
55085,4
55087,8
55089,2
55091,
55093,2
55095,3
55097,
55099,
55101,15
55103,
55105,16
55107,1
55109,8
55111,6
55113,
55115,7
55117,8
55119,2
55121,3
55123,1
55125,1
55127,10
55129,
55131,6
55133,7
55135,3
55137,3
55139,5
55141,2
56001,11
56003,2
56005,6
56007,15
56009,5
56011,2
56013,7
56015,
56017,2
56019,4
56021,11
56023,5
56025,7
56027,3
56029,1
56031,8
56033,4
56035,
56037,15
56039,2
56041,4
56043,
56045,
,
,
,
,